5
1024
0.2849000953460142
0.7210860354025275 0.8928804102668739 0.9902095105706267 0.06642935896090497 0.7569049836339593 
0.7904854926968172 0.09936131521201201 0.3756398249178695 0.2156916557043738 0.5003140575703684 
0.0001841330887531744 0.9471262326795119 0.9486649634741049 0.3309057708321088 0.001901706053918477 
0.8460964330497504 0.1237031885502236 0.5634970619751665 0.0537587635968065 0.3739400638432151 
0.9485438290777662 0.05180105997509335 0.2731673037358837 0.01068411533234179 0.9607135092765728 
0.8823199221101643 0.5715363218916831 0.5536305235989434 0.05198357790432742 0.5984652483004342 
0.3697260891440685 0.4105087586881993 0.4317828058373173 0.1726500785065964 0.7816903417731565 
0.8634896116657595 0.3512717594250028 0.5629421274656744 0.3978022217553755 0.2705020711452903 
0.1936979814992439 0.1272278965439474 0.04677850236701381 0.4063223582892178 0.008207706419511221 
0.1739546322887342 0.7844206866150231 0.6189979457990544 0.7645199807552431 0.7448347083524105 
0.2915103260237259 0.06213475023278685 0.878367218369824 0.3489473746758486 0.1971771502679106 
0.5888209084283896 0.0499028736161749 0.9073085208668616 0.6452791639019967 0.1130160727782545 
0.2645231745925327 0.5102601463679 0.6380556165304153 0.4120659820027729 0.5417873603603515 
0.8155055226890647 0.4683251124610573 0.1026324829047954 0.3023319236712617 0.4492455233891531 
0.5136677598321736 0.5048857238359447 0.9006850948870287 0.5709072077205882 0.2804614406370333 
0.7819033264773908 0.8410470631849671 0.5977935282315461 0.002442988027233094 0.9514445115244726 
0.2252983481950847 0.8338732018076619 0.9217949212953637 0.005012986724680629 0.6216589697994925 
0.8613873123943891 0.3618231641709825 0.7773897572244378 0.203032701323335 0.7038878316553033 
0.1927640828093746 0.9788943405651246 0.3114515208867987 0.6680876209644013 0.6988189498562563 
0.7475473159238403 0.8419619588420203 0.2109201942593744 0.0791190078958985 0.1743957050864446 
0.7412117958422673 0.1584348943548832 0.4099714273326415 0.7804289222589311 0.119018214003567 
0.9181926368575907 0.1728645073800575 0.9733743207566471 0.2361535859837368 0.651648773095014 
0.9313557211395198 0.08995545511479731 0.7154783546386999 0.3713574523736426 0.006172220563351847 
0.7265259917743535 0.9907482787082981 0.9999239152119729 0.5443551243552038 0.9131590335309598 
0.5923361617654719 0.1718114359762748 0.8510125201439885 0.9015259659059046 0.1424889556609004 
0.7876294102208989 0.07235689322057849 0.3637406281899055 0.1285300734948686 0.7699284931563424 
0.7727204468722148 0.8282033293360846 0.3850042723397571 0.585813283695329 0.1937590388010113 
0.6772253975273629 0.3919245488518369 0.6076123682260087 0.02581830632063481 0.8533880809904563 
0.01240192073155717 0.7059480733191528 0.6108427188870867 0.521219308542884 0.9640856657716337 
0.2953495892042641 0.344428450412069 0.04689872345941942 0.8570483879705635 0.4789156576959553 
0.4238321423249379 0.7813620645313624 0.3935310144568374 0.7546513032138434 0.1681581607764469 
0.520227796955137 0.1181196767725491 0.6249613758217751 0.9084706716162909 0.7614587811175324 
0.4868982391690064 0.7560665045816244 0.008285651345389913 0.6424853551029066 0.2545359309378475 
0.8591323242212827 0.7109479026260553 0.8852533926919407 0.5148138653293983 0.3490237275664168 
0.03792604435827642 0.6500069084119136 0.2065119226097102 0.2752519268917586 0.5480995641735261 
0.3299849986469867 0.2010451663614035 0.1082186930077333 0.5486970297524016 0.4846783836435846 
0.5685691554111161 0.4274794772585962 0.2675888798607292 0.3963187816661883 0.7539410735881029 
0.327119556461892 0.2182552007752391 0.9514206030651891 0.8780088477721165 0.2450701558788228 
0.9845781389621102 0.148138605526721 0.3320782515223421 0.568138455886022 0.8529836375838472 
0.06088495419608529 0.2533092729394928 0.5899998676461075 0.9570459154723027 0.2591381729785665 
0.8643361962217878 0.7311087408392528 0.4422626763844341 0.07324771259143247 0.1333326927823746 
0.6471240126637628 0.6977582950891279 0.3740478287782779 0.3825272898127863 0.4256507496115998 
0.6535284004350509 0.341563499577189 0.7024927222089249 0.09233825244808977 0.1850867802492136 
0.06504770448241232 0.4158221160145395 0.4414939354581299 0.536828085321624 0.2218414159817536 
0.9625645917065422 0.5704074650971727 0.0562674919606237 0.6710739062607759 0.3372421223539182 
0.6209182767208689 0.5602290531054538 0.8125686616444888 0.1706038740307061 0.06656150592184031 
0.2852154846307993 0.4696756306429721 0.3137263532201069 0.1451364618307053 0.01797615045963668 
0.4490071593583415 0.6526162965646202 0.4622454561557779 0.4364351099903565 0.8534930061950496 
0.6643980605692847 0.2317148189313371 0.4305186727111974 0.005199694674492602 0.521148069729806 
0.8413934442355718 0.7915397546327402 0.2876826114643693 0.230937171356036 0.8893574513613046 
0.9065689519239054 0.8823961986706247 0.09703869354902017 0.5603070337638992 0.4446912265374594 
0.03466507591367567 0.7778819011411956 0.6312300336249397 0.1070378634292401 0.8977784712930696 
0.08070149053255476 0.5177081650158643 0.5666761130627866 0.009192296993178473 0.3463470801960699 
0.9437193854787588 0.2207013978713143 0.25327589677786 0.2017665255652984 0.2714881911874898 
0.2998121610513723 0.08873258177319721 0.365444645141469 0.5858430177590184 0.4747487790562906 
0.8375080732536372 0.9304286828137091 0.2758482782180985 0.8205486862358994 0.1014214484627473 
0.07814951798137838 0.1459776863148542 0.499115505731911 0.5558252264785746 0.3099598214903504 
0.6127691746723439 0.805269692901349 0.1879107617647299 0.8030437096587858 0.1848258757227204 
0.7156589049078222 0.2771161671567545 0.2332140548835888 0.3608779981480045 0.5682357786726261 
0.08946192473336032 0.9903719234904761 0.611321758097043 0.06336663097850838 0.3316958590730015 
0.1281602185355924 0.002569580681127432 0.4306507380906722 0.1344058761569469 0.710615177492692 
0.3183720236604997 0.2131720395832386 0.7488997070988201 0.7784783193651472 0.7536483889260003 
0.8023203643252286 0.5529560483271737 0.6656610860346172 0.7373352230813692 0.6654963234501755 
0.686846074006027 0.1125172119354499 0.143814686813694 0.4186529191719688 0.1622956156431319 
0.1177502918797381 0.6893464426874032 0.7041840541713835 0.7739949176966066 0.1260236260207121 
0.06578653102164159 0.8994046997945462 0.374891668897391 0.6211072900158868 0.2870756167551844 
0.9739078381389018 0.4987461904137361 0.9398642245683864 0.06504734378605502 0.5633530318190406 
0.4914600931187351 0.817417103035578 0.5316651341290465 0.0860910743226789 0.4905912185198557 
0.7350073606317992 0.718451251198637 0.9536080866717922 0.606602470544842 0.8563671990856329 
0.7173187951060371 0.8834731728781369 0.6291362028058908 0.4925351497116363 0.08433531526629781 
0.9523790065772811 0.1129856379156789 0.6186501707134442 0.148607588127085 0.7609326712663672 
0.4816021658992581 0.8274324901785127 0.6192501099069002 0.9574879048944871 0.9523814200910631 
0.13355297549804 0.6479027667554613 0.5368685694826029 0.6177614160593174 0.3562242020366393 
0.9570333809753441 0.6217709765493104 0.9709781584408725 0.4069748680719678 0.7122065940087237 
0.08940503813794184 0.808218800160137 0.9032096082092886 0.1197643171879808 0.841953504495392 
0.203373943461101 0.9461822378025231 0.7643791272870438 0.4990339132014788 0.04085753181022414 
0.3069038961715229 0.1194490276242109 0.3215757358903704 0.9844828615670704 0.6762099952589606 
0.04086891549954704 0.5201968757977755 0.6753146254743694 0.3919670465073872 0.7693535496088695 
0.6279428858767607 0.6356091239250081 0.3491253044676376 0.1510358156140505 0.1714502657956967 
0.7549331127225949 0.5940418281576672 0.36479902215476 0.8463921974663213 0.1500658873712949 
0.1501150972928015 0.7650150372245552 0.3055593145569859 0.87086797464027 0.3729101855024183 
0.9516053119436103 0.03223988642339458 0.5202141163067899 0.3913435416507017 0.6405761021637804 
0.7994525630601288 0.1333760576792174 0.8009308391132685 0.8642225676132597 0.5395423602113231 
0.5373776506306788 0.9975983694727709 0.9915709084605896 0.2708618346374455 0.2133637128719128 
0.6129755124252922 0.4826708415744634 0.8018585554115409 0.7077333666931599 0.4861908629547816 
0.1229164993781127 0.621575553295928 0.3991296448391455 0.067220550957913 0.1535818694199924 
0.07402772235754111 0.9730317424818279 0.3153798198665352 0.4769756205968141 0.5241873335647323 
0.09084959803479817 0.7591842599202798 0.05805796495450374 0.3439019519294331 0.315798729550559 
0.3413377865893184 0.8159667987091607 0.08073681172064025 0.2444735914760228 0.2465226117404277 
0.8327785032757598 0.4284174329155542 0.5612381677221318 0.7750362785471518 0.8944879362804545 
0.1137209665219322 0.8142084076265061 0.1131254432609812 0.4532967430285343 0.6377661719229103 
0.2970141634835066 0.1767736407383257 0.532450383966937 0.01751192825083381 0.1338693512518409 
0.7970370530649715 0.3486925599839777 0.01597801748882557 0.06199933089338215 0.7102074042756525 
0.9713714918299275 0.00766279666572431 0.4881993755239054 0.6690932713307055 0.6895988974608257 
0.2268779263581489 0.7454457373921459 0.4752136526821454 0.03905135455695478 0.7785849340599613 
0.7898352537902935 0.747245382206414 0.8143974216141 0.8840543375025606 0.7721431185987758 
0.05335186538477933 0.8107486492360615 0.5086814360884744 0.230043035654253 0.2338436103654295 
0.3888492023683485 0.5205515449021135 0.1589649704229991 0.8612983394563757 0.6507903477993643 
0.925623259038263 0.3470564751731794 0.8094788924170088 0.3586590587300738 0.4048573304797983 
0.0604816386156769 0.4200769585664435 0.4493159979374665 0.3794360764593669 0.6228234455680663 
0.5256570883847144 0.5479063946348492 0.1854566716645539 0.6977034051249533 0.2980857120283016 
0.4032634478969658 0.7345520074222608 0.1523980725804873 0.7981137335665678 0.4743570988908994 
0.1211422468316097 0.07241984411534991 0.4905986966902001 0.3726809859501533 0.8632610278739939 
0.127861343552909 0.2926270186044947 0.6815907676004402 0.5166733041427815 0.5896356763790488 
0.4062776275156286 0.08725871744804202 0.1739428697223926 0.1282915308157167 0.26190294196847 
0.9629579410741599 0.2825616263557418 0.1126265772518385 0.1268521133593386 0.8992000082866477 
0.9539695897635757 0.1359526374645769 0.9789200016011487 0.5440912301574503 0.002108098092153795 
0.940067998002958 0.2661050129603854 0.9042008447996391 0.3269352239265206 0.8944850772204449 
0.2998944333773064 0.1033119697414897 0.1779429362095977 0.899830796188734 0.1208673020889338 
0.5993581718344823 0.2473153209894013 0.2738450383810893 0.6115788664107363 0.1971537761789385 
0.0716010156998079 0.05758065367658653 0.06280856868078206 0.3949977833673216 0.7570699457910585 
0.04546864534132846 0.6388120639707665 0.8068418678071876 0.9350959393306945 0.9339362792028748 
0.6398916192274967 0.3849667521637903 0.7307320350854591 0.3703777291574713 0.153544377718847 
0.39459049129723 0.3488822893560665 0.1555059140799976 0.0180538934068738 0.2715116589241849 
0.4200235694783108 0.8311008464103772 0.878272151936822 0.4166111212754581 0.3176088009968682 
0.3105132900413801 0.6462880162844939 0.7042730026142481 0.853026476751733 0.921684978479391 
0.4487037802851243 0.1667707344219538 0.9346202709936516 0.9731582112577792 0.478306179394222 
0.5191839720790258 0.7593203254348513 0.133483201950427 0.4105124818060287 0.3729306127617539 
0.09047052383236323 0.4518717527834083 0.7806865996036477 0.7853071726510715 0.64658859486678 
0.3110877154676918 0.8752556323789695 0.3866492813323718 0.8284803590522947 0.8604294809545739 
0.6845929855476049 0.9544895607790375 0.9162320419606677 0.2264569641049655 0.4369472629500024 
0.2433037064906382 0.4009021402106811 0.1554024258270895 0.6664297226514937 0.9662205644594617 
0.4916054278114829 0.06446374964895461 0.6969145723179258 0.7568542636953703 0.9846770640435669 
0.4556856045686963 0.2730353364111006 0.9601233594493058 0.0935121353658102 0.07333178263729741 
0.2985851488470128 0.6662181292538891 0.4722795668556861 0.05941638294730535 0.3607142907854156 
0.04093804586952788 0.8739719591673063 0.3380876208247529 0.3498688464338732 0.7556795062265814 
0.4804043397381353 0.2104941445257766 0.9797094057279463 0.2355289697772068 0.6077422436962425 
0.6207328076779589 0.5468899407079761 0.8689862832942838 0.5007139081500416 0.01760236403122428 
0.9318355345821224 0.5600658117468114 0.8001930749140626 0.705498492056878 0.452817622730577 
0.7111766575555708 0.2514641175099477 0.5430232785732143 0.1980745523013084 0.6907771135051172 
0.3754552377591787 0.6125162895136991 0.6135189437124439 0.6788123656357287 0.2476116214018136 
0.5235703715333175 0.2764617675851239 0.8468642636116795 0.922677764832042 0.887492764198376 
0.4185790913287065 0.8091461814984962 0.3262158535366718 0.2334337538062177 0.3807642980438858 
0.07826173088001809 0.9975553054450674 0.9569763574702886 0.8181093684324453 0.9712974920165042 
0.6224201104147572 0.800528317588049 0.3971368369728361 0.9538488182749393 0.05852814809697135 
0.1338606150215926 0.2236912163761033 0.9900888275750926 0.4273403921508219 0.3189333874691614 
0.3378067864118032 0.7468664122750978 0.835413124238327 0.6879887363002796 0.7300813888356565 
0.4798846838484942 0.3795559670955079 0.6891633457480977 0.2883176695780539 0.678800757146475 
0.1387658218657283 0.07895711699003446 0.7014792508398029 0.8899423048925686 0.09248454158692121 
0.7558807322175581 0.2791556854434177 0.7267510570194461 0.68554846032286 0.3713238100962979 
0.9411618749761581 0.4930043255067898 0.06411668743732296 0.3580530011194758 0.9505403175262517 
0.3506996444744951 0.5320859569762861 0.7018989873415181 0.8031949139436917 0.6686588755345632 
0.4800579834683043 0.2082709978762139 0.5449961250010826 0.5709324939151947 0.0367165869735494 
0.7342497289347445 0.7214697712248784 0.1409733453082518 0.5869628384766447 0.2872664415477443 
0.2912239533516466 0.6423466925081706 0.3037087129853724 0.6584335351609727 0.3400922000934361 
0.4062783447004403 0.416458494943554 0.4101034999193424 0.6759986759926586 0.2674513491812318 
0.9144176410994246 0.4625788890599614 0.7213237635108033 0.9582357733304646 0.7755482029598845 
0.6480184530873815 0.1057722272859279 0.9247052879878404 0.7001221173831024 0.3799092069428729 
0.8577008166585961 0.7301652648255178 0.3736991474841533 0.5035413665939101 0.9540957890627483 
0.8114016904722183 0.2062453359971961 0.3175782333573046 0.961246147767988 0.309780221174387 
0.7693308227335676 0.9545160606214681 0.7224378528702947 0.9110227069635246 0.3397462582665485 
0.4117889042050475 0.03207621759728814 0.1767617537085532 0.1637302670680818 0.9847229715692545 
0.5718318120921533 0.8901820577689521 0.1858783417225261 0.5416203742166099 0.1220896746643182 
0.9726237609108649 0.5028503535679335 0.6147821861361661 0.766192254647539 0.2574465750579553 
0.8769740363289223 0.6611362696923507 0.4296374974620538 0.1779336103007284 0.3882712714200314 
0.1740137690722069 0.8435381649554472 0.5730279107522962 0.01476388082211167 0.1111731494004721 
0.9196687136433906 0.8186310621365098 0.09422899030515544 0.06105695521699768 0.978932301858771 
0.2880247720320469 0.4964083286843172 0.009062143714178872 0.1200081864463129 0.1442032691588858 
0.4847105446571414 0.2696154573046838 0.0643672526251365 0.8244910935064027 0.04994406313093813 
0.3681870743095382 0.1546580252135318 0.1314208302558295 0.6038137302582643 0.9452403388774718 
0.5396300024876769 0.2678249101604164 0.3016447608692699 0.2019100150758385 0.4263132945617211 
0.1863107238751345 0.3511548051644867 0.7253359440060316 0.3110874373993255 0.9191134485443371 
0.2165805987664736 0.2169792386323006 0.8062554531664178 0.8829669268471941 0.4907165465643467 
0.8642380120314058 0.1079912296427808 0.6281434125438216 0.8674436774699721 0.02781800281877128 
0.1241668477786445 0.1931255568652133 0.1431240799743998 0.911794338162093 0.9002025020367507 
0.03819707990978564 0.1780011558069978 0.9682887915763326 0.2233289624322656 0.1297083143913023 
0.141079586916918 0.382221955259992 0.2311033181629315 0.391030803208005 0.4631743606098053 
0.2901176165095959 0.1564967330741233 0.5608360542600148 0.1532927328019658 0.3833916088478141 
0.3598685335202395 0.5576431085444189 0.2116853440886014 0.4970344826781546 0.8598632463914597 
0.936791748463894 0.7169670136402795 0.7729784026575269 0.1224867331915427 0.6614464552468422 
0.3995061271082961 0.4802463208030348 0.9600413381266648 0.7950830057563438 0.9165492202412086 
0.4657318510906076 0.2859663759177712 0.8749363858589596 0.5226229845234559 0.4639718936657257 
0.9378287817715003 0.8820140508023172 0.7393068682623171 0.4545355503325938 0.560478548746744 
0.3726668628930835 0.623510313819702 0.2421470850230464 0.1151454885111329 0.2273374806932359 
0.06984635892585211 0.8223224377315452 0.9555441850691312 0.9244648447215134 0.1689769091080706 
0.7221000823929447 0.9157686942727634 0.7452197758903345 0.7683073167673148 0.04973840403727509 
0.1263414391112204 0.6824812503074782 0.4686363863899427 0.8653842561694588 0.9706589618126144 
0.03129518738716609 0.0886852464039498 0.7581969050271942 0.3409876827460947 0.2677661428975991 
0.8544210230342267 0.8037471478538615 0.6390460981860995 0.6383966565887097 0.736631505958222 
0.1579960576925669 0.2802142138896994 0.8974396411169083 0.7169708925042361 0.9215820285345914 
0.2133462554982365 0.2783411571596119 0.3483607567796501 0.2139770735598633 0.6068247355452474 
0.8154785231657115 0.5676961170258978 0.8547255629895109 0.2773345957459189 0.545218245190131 
0.6205482032671568 0.995372651826231 0.6518950291129113 0.9984275081233798 0.1282121468593825 
0.6714331490594465 0.4652494736280552 0.3540092738555186 0.5428157412930043 0.4462142303348887 
0.2487043554702181 0.1131324029116631 0.8126876894002097 0.3416745707636977 0.466190725891808 
0.02637315991693597 0.3220873446191085 0.02518147331380927 0.2044348611605365 0.4138773270148779 
0.8339392227033477 0.4812715695472224 0.5941664555993497 0.1466644189461898 0.06502081074831217 
0.7039067661798538 0.2493135619670888 0.9573658017863084 0.3718304973913412 0.5046370573392461 
0.4466968132339529 0.7100047494811075 0.7929768575416385 0.9884496583051424 0.6237219586255833 
0.9937189318909878 0.9229411119839142 0.89712046589225 0.6686310432414488 0.6354940324479521 
0.3854959286530977 0.9282098612982457 0.791340585289725 0.894366037756271 0.7684792317435708 
0.5298362799852714 0.4269906199539112 0.4665775641692581 0.3402261899496564 0.5232889019509394 
0.8698217033461955 0.5738263580259513 0.5717229997940139 0.3332797350750332 0.5590729075794877 
0.5551177289847808 0.8787871404187841 0.8106210016567927 0.6025526750110469 0.9077334520411815 
0.05799221550153469 0.9820477044599424 0.8018120833936473 0.8982822386509887 0.4668280178662396 
0.8894172718508936 0.6616038395449617 0.3256567762132874 0.8727511968656594 0.6640133541533465 
0.2580469375908599 0.2563959876626817 0.3461918481691526 0.4923360065260839 0.9336681666679814 
0.6282966052119289 0.4817120310662554 0.4053163751775184 0.1499092369839856 0.6921253347933713 
0.06832279651484509 0.9485118725063311 0.5337852540260093 0.8657874032841442 0.9178843279542943 
0.1967325063728267 0.4250813542778932 0.9952625097822756 0.8562459792265222 0.09560198935831715 
0.07543358599092984 0.8632293882542736 0.9959672358756873 0.0967172178621611 0.3884275788410407 
0.8005763319711444 0.1546658967851828 0.4200939116621306 0.5323549480076558 0.2637138787174646 
0.2722652821484294 0.6599682283575163 0.06612791208776202 0.508183503517789 0.4223775368862123 
0.8382139903099688 0.7871924954945613 0.08442942526377553 0.8306717775878473 0.8104160195231543 
0.9089009885250534 0.8165588558530751 0.6914731196546028 0.307407534661379 0.04157210492759441 
0.009176917672763987 0.378416415911089 0.5049404993131743 0.5893226119066182 0.7950265178685766 
0.3634272716104249 0.01441694444236247 0.2711584880304682 0.6573394727298937 0.1625583750246088 
0.1654018269949439 0.1968100534471839 0.7702070482933747 0.233583473806795 0.6980064167508562 
0.226995540312722 0.07189492808287765 0.3624346787301934 0.9690199627842317 0.3182849270943766 
0.00375069544635597 0.3864919420341407 0.7779170707938018 0.9201388846332295 0.4203451357721585 
0.9351654671523486 0.9576606403762381 0.1954077636222861 0.4413852076475052 0.9407298988957914 
0.462499341203822 0.3708888505454953 0.8536172971699468 0.6225317848058483 0.738295968890346 
0.3362141307923507 0.8745689377743958 0.7634394919301315 0.4336033271180761 0.8075308613841049 
0.4079922438105298 0.9540541137245397 0.5058856637739623 0.07000110845840904 0.7242748819187024 
0.6388980575976795 0.700687649692472 0.590226431656617 0.7783545326465294 0.1118815260890667 
0.9967303678122543 0.8236785751498414 0.7737551960371069 0.7267878557611192 0.9225328779265209 
0.2456306009862727 0.4023864539211932 0.7897751162157175 0.9380020706839174 0.8674735715733454 
0.5443387159401893 0.1235192816737973 0.9769372549063664 0.1379293575397363 0.852655437308586 
0.7745271698988972 0.394584912180341 0.4437174662047739 0.2054597401558049 0.4738753374017718 
0.3908673218134567 0.8951726690593378 0.5946617162902639 0.653312535625187 0.8391301749998855 
0.8975793183288288 0.7964139853311296 0.3517259175458484 0.9468805538018099 0.904984003009131 
0.1031544190635305 0.573725064015416 0.2129495653449629 0.4913848738104423 0.2697571787366088 
0.6955451095067029 0.1429803294307111 0.06479241616581563 0.3426374386860898 0.7615398927282553 
0.9841334774392758 0.4334763671252691 0.1014876057996928 0.1801854871596845 0.167776311805527 
0.5912561899599285 0.7016101206068081 0.9232700464296069 0.1376128923800769 0.4607275754426058 
0.672888765802927 0.9654568043441721 0.05606560178071118 0.2781509239820534 0.9734490908369525 
0.1034333558522992 0.8355815306367199 0.8987452465547143 0.5396504089107389 0.4229209575210717 
0.9275620133794608 0.06077372633259229 0.1974133193983251 0.4296217078281896 0.2971951191163035 
0.2842580691856145 0.5377988329247649 0.2704965856882515 0.1649378266815474 0.5880166567562641 
0.08764843979864227 0.7367601889725989 0.7680656549485618 0.542671587849946 0.7416862761268361 
0.8217290976523424 0.140091892110991 0.007780704620716871 0.2632143410137084 0.3021093418565399 
0.4421960451885016 0.0368960692118008 0.4329289332758053 0.3615448165425832 0.4114264393041875 
0.6343816878228901 0.2605351033506913 0.9354807479409742 0.5082792676548611 0.2380944619499471 
0.0146684178002588 0.2395280295226539 0.7836087230269705 0.0008328795232246008 0.6503594000770107 
0.4356486398307322 0.2935913519022335 0.3889543314842571 0.5619763264816131 0.6718526107464075 
0.5961915284332826 0.50915445306101 0.6153907733682745 0.2883677443212176 0.8918796638028772 
0.9936830780928536 0.7489197672137481 0.4796653545164362 0.8364871496815047 0.2149763989739855 
0.2711821026659351 0.07200719509611309 0.6014580876710383 0.3945389553885961 0.2658282079267698 
0.4711628671809998 0.774787938216266 0.61218877447293 0.3007955269218286 0.6957901643282489 
0.2266832948117728 0.6019552949690834 0.7334271825865788 0.260109388108716 0.3363955965590247 
0.8066739459776169 0.1797585197067158 0.5307606201113061 0.6427678852748487 0.9119252763505475 
0.894816655682059 0.1881920734972495 0.6315320223876421 0.4978301842125176 0.467686099692693 
0.904038185095874 0.2182255555420467 0.2164195719091349 0.5914345723200195 0.1172548552731141 
0.6006042299368637 0.7039229446337805 0.2292547063984152 0.4708042274698152 0.8312295089483305 
0.9700911976665186 0.4856238412010086 0.4712913530981701 0.0007229617165772916 0.8905099589183861 
0.01906688113520051 0.1705811999765977 0.1858664399112753 0.03576469453462139 0.6712521643941803 
0.5331204623798922 0.8611386778081709 0.5840736549829072 0.3050863177541762 0.259424113093254 
0.2631326184399299 0.874721116384929 0.1744117206047105 0.890214262344622 0.6557873891026433 
0.6758795215982553 0.8082216865511591 0.8139016298278083 0.2664443231018882 0.6864867932797334 
0.2782247858930003 0.0006990182412746488 0.021594884860949 0.9656552379885575 0.8478964903173881 
0.6745420807156641 0.5441556854501682 0.04308600389057526 0.2648267507175228 0.9198707682702555 
0.1418258188260094 0.06194321131543173 0.1288588467449916 0.2097579610738009 0.3057560877469278 
0.7319683333199813 0.9664054011782401 0.8824080497278702 0.7301598716796125 0.7336798866273013 
0.1049146860187714 0.4490308387688314 0.6286512281416454 0.9184393074960457 0.06405805266940183 
0.8806029240880777 0.2552673303759941 0.4441608198925331 0.1262799634772255 0.9504701595867143 
0.3543675545996172 0.4231904164525861 0.6899507676048088 0.6477656330384954 0.456537798845888 
0.4298642993167073 0.08964719509014149 0.3395845103102169 0.7042487716250476 0.8017085311744087 
0.8242526927108601 0.7918504279279595 0.3765705702437623 0.5058436484582414 0.6778914503671292 
0.2343914094303867 0.5668089382421457 0.03013159840991236 0.748286274204117 0.312332485416005 
0.6667922014062044 0.4619941582760156 0.7676463292277332 0.8398126295869084 0.001909847801313152 
0.5029985156097443 0.5591501634120378 0.2823458655822064 0.2998539025833434 0.9895032968438831 
0.5618319282006167 0.6047109257481641 0.9795997455365343 0.8838532154327983 0.518571228459286 
0.1463290440744 0.4489523741462902 0.903406885307883 0.3302199685282907 0.2033137424709725 
0.3411508741252397 0.1428702630064667 0.03115605659741594 0.4078292071926695 0.7654430104768242 
0.881319845547365 0.3857151718216111 0.6590158315951001 0.1333513739444574 0.3392212677110185 
0.3678288821419574 0.9261437613098897 0.9924680270147341 0.5318440072192459 0.09462155367824594 
0.8858875764407013 0.04758891026148287 0.8666696439589179 0.759996927460283 0.1985569822514974 
0.7732388932001283 0.03211162690217909 0.4186276991992676 0.04413866009270801 0.1273588163663889 
0.1007393478095384 0.8934803469694583 0.5769456938684601 0.4540147738276439 0.392742701910207 
0.4389765927119518 0.7305831558596186 0.06530331343552749 0.06760167600321471 0.6397933277929755 
0.3171895761220972 0.5493581168377634 0.5092335756275554 0.8242974767539104 0.463277378183766 
0.5374963736505205 0.3456619442696305 0.9991288432027992 0.8195705297231858 0.6161924848748174 
0.7188352157836184 0.7014818213540315 0.7223305629612266 0.7665489634044382 0.3752873252815877 
0.356581130403558 0.3311160045991377 0.5843005493809229 0.8743803120283433 0.3088642547141418 
0.4360022750675547 0.5666456951915874 0.4722915114625942 0.5688268060378308 0.4743574111449399 
0.2819160044085353 0.3930828337254919 0.9388299342341785 0.3442315149381448 0.4639147531153682 
0.5934266771442013 0.43401412674849 0.4988108593101495 0.7596126957866792 0.085647315855316 
0.2754048407399294 0.335275967417369 0.6325361986751218 0.6090066656010639 0.2067271378428344 
0.5938711472101574 0.3651487461504387 0.09681354306226241 0.9991122916906964 0.8808875579603549 
0.2519725940567329 0.5022746332568048 0.8110284878718094 0.6646302918379833 0.05688443246198793 
0.4360692267379965 0.6272875164966616 0.5519053612966772 0.2066588450866815 0.1797999733638966 
0.7024020655709498 0.05183056380536596 0.5280356673948531 0.2960390702114989 0.1457301603913912 
0.4020231953132017 0.4933749939911407 0.05330112357069315 0.07571049703438272 0.4870681038905896 
0.2174958712616588 0.8042294565531797 0.5324900369821937 0.3461353075625595 0.8412665948062574 
0.3869448318655141 0.7419469913397994 0.8308319817407055 0.1713444632249843 0.1606331838869637 
0.156554622549773 0.6815913583490121 0.1327165341853938 0.02160660405816313 0.5197786503406422 
0.4797744348748624 0.3144878924849202 0.750935486203361 0.3877372117577062 0.9302648396159788 
0.408020781540686 0.7075868121436182 0.3307282930168229 0.9823473548581336 0.595495941161571 
0.5152736463963555 0.9481359085229244 0.5712071075252573 0.4079909863720637 0.8855332733393595 
0.5472906375639788 0.2395357374877068 0.5873757242805703 0.9381143420732891 0.03530360125128686 
0.2549736793399154 0.1997394153528107 0.1753306868384487 0.06177009116899191 0.4648717460005576 
0.2497664876171277 0.5814416636767719 0.9234223455400028 0.8910038684784223 0.5596349487562499 
0.2811877379458504 0.810358534315914 0.7926255867774745 0.6493422516603954 0.2627910743520432 
0.5940974309934007 0.6631231406456676 0.8584194471795733 0.9755286399392994 0.238912628200567 
0.8478638001664959 0.6280168589798661 0.1904346470423716 0.6702827039180569 0.05026493606758098 
0.1332082957025711 0.102646862116139 0.0884637295466475 0.6629316842496095 0.8108741052031667 
0.2589522488798054 0.9036337924777067 0.792016409045761 0.9688621066733015 0.2739383303010464 
0.7108005205017576 0.2050073852579738 0.277625345572703 0.9796733283774932 0.9745868485181273 
0.3577420512891191 0.4330205194682778 0.5001159725258937 0.928050793295538 0.04465776109080863 
0.1226329953427626 0.07807595860193667 0.9526270163217399 0.0869377358970097 0.5639474366851939 
0.3933765264106621 0.9445439729367493 0.328222521808466 0.7958960341581339 0.3965460635068071 
0.4887174406453298 0.5912802075950417 0.03128582557040418 0.01573789556077968 0.000908902448187607 
0.2148866839481843 0.4611987787996642 0.874182550043651 0.06013145277696486 0.3739889524224864 
0.9305091396076934 0.2812014903617732 0.4441117592879597 0.7495312622181414 0.2867761227036642 
0.1945593094852129 0.4681831197844221 0.02459455371697352 0.739085276715221 0.7384579917588665 
0.01491241262356155 0.4306164254883867 0.426368393086464 0.8310768635968807 0.6775887325523833 
0.3122892110617209 0.4105432241866074 0.113646121629221 0.4945671611127271 0.300271215643427 
0.2727272734597106 0.7185586301801355 0.1226898965369503 0.1257659351114979 0.007678964994769404 
0.4706179961480139 0.7747765227897523 0.5756687894546404 0.5657414173351285 0.06778546520703238 
0.5391555734046599 0.6451059842092008 0.7171807621146442 0.4233492497098447 0.2069081334773731 
0.1820656305680943 0.9631594356538792 0.3549485676917586 0.3462403095818176 0.2989296707756844 
0.8249042521993045 0.8946227217923771 0.6320269982865728 0.1481899091380253 0.2393966552842212 
0.409401749326337 0.9185393441928014 0.5059787412286688 0.985961355947939 0.2592405193341143 
0.1914165432992984 0.6473783921403452 0.7293162041095748 0.002850145777126843 0.7121412514508754 
0.4807001512355221 0.4051762874120718 0.1034683544140726 0.5798034471470279 0.08701576168511589 
0.08221830260013673 0.5416317235803491 0.04370865309313113 0.0491471685373647 0.969432148354226 
0.3138792043157797 0.7190253165241995 0.9454722314694828 0.06056728034844305 0.3839941198407095 
0.5068758375440006 0.4285619766529051 0.3902948820256528 0.5514478203065969 0.9494891476854502 
0.1130518240502619 0.6277947133575207 0.4076498183705538 0.01000727722190167 0.5573124872091662 
0.6075696389033177 0.9400447390692337 0.4759539530510961 0.7204404680299002 0.03040151187402205 
0.1529569940532529 0.6304773591925505 0.1402815553866528 0.9664229957552068 0.2085720078090554 
0.4302663219091764 0.7644942816069644 0.557176335142071 0.8624361085103798 0.7040198139209972 
0.8675316749851638 0.862847745949457 0.1066782224312973 0.5581985871884523 0.72605343683534 
0.09095928206099428 0.3180527773300722 0.06822494072124642 0.4833225284926344 0.8286031945529857 
0.1171883198582353 0.01301827703798812 0.4280217321193471 0.781141371223262 0.4799076184931728 
0.1184621305206213 0.3660503843136176 0.1109929448555722 0.978006277515006 0.3037799650536545 
0.9099612385547002 0.864087128093817 0.8813897264714874 0.3026533918315704 0.2484950071876344 
0.8673573296330579 0.5507323309196845 0.9286560562670135 0.6149554943564933 0.1070634445228918 
0.4830202379464965 0.8769788096261559 0.8327390429920538 0.8743663569214092 0.1163251547568126 
0.06147749226631258 0.8807979766462818 0.3716047625047651 0.8932079582914441 0.6954395411679505 
0.09501384295468107 0.4706181609197644 0.846840876330665 0.1483965342087709 0.7872052937768308 
0.5967085812932204 0.1239909207612069 0.2102170666801835 0.9144058793748134 0.4305640383507001 
0.8508563272055678 0.220840618658831 0.7808414729084401 0.9601256219523093 0.2486244955066659 
0.2028985150428938 0.8103424428651597 0.9512768650097352 0.8132534975338499 0.4144546510661465 
0.08766605277637859 0.08224232191811807 0.0286013046421226 0.6152674974390013 0.4716943663764961 
0.1941946806925663 0.6498395583869059 0.8688292284581738 0.3374874895369718 0.8417218908003311 
0.5338101774735411 0.2879241402728364 0.2767910840319445 0.8034485061459576 0.6377466721016959 
0.4741528072075511 0.2264164800488379 0.09510850038782412 0.3506195370515594 0.3012934907070702 
0.1265477465298214 0.2171421762121266 0.2294813458665789 0.5810587379524856 0.3305019969206211 
0.3653029728941337 0.9359394754092252 0.676808898655445 0.4841285642641824 0.4660559629626808 
0.5829524496966367 0.333691376388238 0.6557131299477281 0.5494561373686668 0.5941800342202325 
0.8038927214882886 0.3226092593732442 0.8034948498081911 0.534429497771103 0.01872651960969785 
0.6702651419635328 0.6331146935754404 0.5976306759833949 0.8746685141960322 0.8544190943723707 
0.7699244354064008 0.2355696050233532 0.250131416867119 0.9368716070013884 0.7022809247481033 
0.6266943309347562 0.1466821434174201 0.7342410929446811 0.05542718587416408 0.4317885533047618 
0.3091758174966169 0.2137296725380319 0.3960162133619904 0.5125060767549949 0.2065258514856929 
0.5209742480587747 0.6920848774059549 0.2742111921712537 0.2531149933121082 0.6218916974083382 
0.08644051413715061 0.2858062959303417 0.6250276715888156 0.8237768820138781 0.8222339243987598 
0.4471450343520588 0.6218994684162185 0.707815826891714 0.09009889997715152 0.3874586209670941 
0.7845229695872499 0.3428068657038448 0.4842404232897347 0.4457938464069587 0.6116599720214307 
0.9711659231566451 0.4478409258595433 0.5657590275750941 0.5569004537398788 0.4573926562808516 
0.05899277884368868 0.2747613616119877 0.8056940996970696 0.7793443037385765 0.2081235674781228 
0.855527653343136 0.6969140026462293 0.7987855137186113 0.09274326859079572 0.1216206171533142 
0.4926474432455409 0.636879697924063 0.819229761411871 0.7230815071487556 0.09739910254895888 
0.1592010526668468 0.3977389131834213 0.2260628075188411 0.9582923970927667 0.6231660868977528 
0.3178804330291557 0.8825473226540061 0.1731229950688981 0.01443627519067323 0.4054340537799648 
0.9046034799175858 0.966915709075517 0.4905390735303857 0.2030005101898796 0.9563248394271463 
0.08493502873311141 0.2983933099639492 0.1928897746297409 0.3895537988749552 0.1438964915515435 
0.8508584653741765 0.2745012446341989 0.05337396007987853 0.02017469436060802 0.2688425442106275 
0.3142557470896244 0.8247592005568473 0.3770471215466162 0.4813888325143698 0.4595091289059642 
0.9024173933990456 0.9874347719879321 0.8241809254878505 0.05886472834315091 0.6486285607416789 
0.07075983151275596 0.6401902022054518 0.9934162767404691 0.6304616878677712 0.5801260639031646 
0.6011999481443732 0.9332798668479404 0.3988838631163041 0.2227101713222303 0.6313349292995348 
0.9475791222248441 0.8724867977537284 0.7063060580555532 0.9104955886329743 0.1317271989474103 
0.7173853375638486 0.6743122066406593 0.1584196653430522 0.9394393380866379 0.001522374944838653 
0.9125529168911204 0.9280333900822646 0.2405154887790899 0.1891604257232766 0.3575568303238253 
0.7960919177460293 0.403630291191228 0.03076090886978318 0.3410703174981879 0.7172744761123412 
0.3302299282286595 0.7332434529846696 0.5947782437572369 0.5385035967654979 0.6431404764460923 
0.36564085880136 0.6849082666357883 0.3752887052547529 0.9746467971026729 0.02763161415226911 
0.8915079332152225 0.9382749638169533 0.8546688524106123 0.9900047204082424 0.9187417733748605 
0.9961444007814119 0.7917253476691105 0.3591756303355226 0.6837447171702991 0.537526926755703 
0.3127572085763855 0.5576706496503171 0.818567948530684 0.1867862970772697 0.5817103430590219 
0.2983567550920508 0.7193465630763981 0.01065993389018033 0.8906089953386412 0.8259970568578263 
0.4323685686411154 0.8739138507424393 0.3223224942289861 0.3102508686881063 0.8200535527296907 
0.7806045215568005 0.03011626139729291 0.8488352186811015 0.1251178942855508 0.1240319988041963 
0.6272493525965127 0.902077075170065 0.4430699488215072 0.1691059814804722 0.9089049483390524 
0.5107058264555291 0.6071980820541392 0.228331267044107 0.5181812230129509 0.5832673853206307 
0.6969793984283464 0.2917571555263069 0.4892071250119367 0.4177622602827611 0.06058499320988059 
0.287209114987801 0.714844341088495 0.8629993149152836 0.435012745992463 0.5993469557551274 
0.6094515235115663 0.08402458224376465 0.7381696184927887 0.5124477449713302 0.4943618381644971 
0.6867848805926732 0.8220040912021932 0.2400999730389717 0.6943911898305006 0.9296627859746077 
0.3118866592676756 0.8788262072301168 0.6292006538226859 0.7762263604273525 0.0818752517915106 
0.04910102102433426 0.9503383395283904 0.139018673560892 0.7632086712432998 0.2374108523261733 
0.3948768549062832 0.3369318944110157 0.6521171473196254 0.13311173902353 0.9398404339376633 
0.4821401476970323 0.9427043762106018 0.1102006459892236 0.4730273870941971 0.8697216792382757 
0.4663733357659713 0.4697474600897981 0.7471349793989398 0.3343195414786952 0.3974249480188737 
0.8365971049466505 0.715398329901198 0.8978345300419238 0.8362637295408716 0.05067453373656051 
0.3943008724874015 0.5989621105555309 0.9330517359308906 0.5212531957301375 0.8670734263440755 
0.8166700446746081 0.7738573804832635 0.9107840793691956 0.2345203804294006 0.9095559351954153 
0.917010430086542 0.3527867238769109 0.2536857236024193 0.4865663927066496 0.7049213301877879 
0.4582702634467218 0.4854261867756949 0.6487406311145575 0.5560152916075874 0.04306777471912025 
0.4457519012921688 0.874430483480975 0.2482487053422331 0.03613993582146346 0.8009493469640776 
0.7063578421440126 0.1671033579212912 0.1230464867518891 0.8206272165842863 0.2049685576716663 
0.03613085232379191 0.6734743397920969 0.4186163499421742 0.6700360233316995 0.7895570709847086 
0.9523246396833598 0.6396244579997585 0.1232093704744678 0.111652660076945 0.3480279313321727 
0.5024174406077918 0.4449308727653987 0.8947373487259744 0.1232638882029021 0.283749551816121 
0.4800699722248054 0.6756359515881012 0.2179617803000158 0.8472519500954124 0.8631997348511952 
0.7019793634063816 0.6976210411538409 0.2183677988870645 0.6857144151620721 0.674555943605916 
0.7397650204887464 0.6724701632635733 0.1827117981009974 0.8909231511530111 0.4584703976266917 
0.1959086869711949 0.1800960137047096 0.07947386905389711 0.3085253697594845 0.5498248741800623 
0.5846459424323507 0.5954857220335437 0.5812186424517614 0.9293284805686733 0.5277793511065929 
0.2616779618377907 0.285429066566735 0.5359832789908624 0.3828623697680063 0.7454412328828083 
0.308771501779225 0.704929999184481 0.8462463038585127 0.4461859653303827 0.08945447403150719 
0.9850938455182684 0.6199456913392636 0.551856402619314 0.8068161989800555 0.505823893820779 
0.2815267985894015 0.430618608492175 0.6368798770620349 0.1034632513123007 0.2069301159411205 
0.7448845449253281 0.6265152113427869 0.0416902677975312 0.155877157846948 0.1597977612846899 
0.2669446264921976 0.7840591788461445 0.4267807695617873 0.7364058639176704 0.5583328032685502 
0.2166112759486301 0.9830930065846735 0.8012073347614583 0.6796920643287175 0.827229931436157 
0.3146926622482885 0.6717617506403392 0.9249395939618089 0.9088353239799336 0.1484320734015764 
0.782631495124372 0.1292718257005691 0.03100963306658566 0.9927092572540579 0.8769050815396177 
0.06449729022256735 0.9903355554176375 0.6966291501193965 0.2278705227590076 0.5466515591507825 
0.3181515668566838 0.007903815121881968 0.6401588035479528 0.2849401249673612 0.647016415176474 
0.007438782487625866 0.08450503504809054 0.7038261607850733 0.6425682677740414 0.9547810647788204 
0.6314619378808924 0.8800044620764624 0.1537932568855831 0.5043574247479344 0.5845384268470089 
0.4375765212647661 0.102869483585719 0.4965393546163489 0.7873357614282228 0.1748306279409836 
0.3686619077816604 0.09325715764070187 0.9066489702619592 0.7118289263092387 0.4299959117926654 
0.2192670616577056 0.4891320291784435 0.8209795605228506 0.5448610628278686 0.7078531956325308 
0.7292970233442715 0.949541391836434 0.03008222190303437 0.8077033240530006 0.00907870220136324 
0.7232308538922632 0.2270896380727143 0.9835409856290752 0.2307841224328814 0.02520475167070111 
0.4286704809763299 0.2961327134258691 0.1402035989300922 0.03053180114335811 0.6658425976187557 
0.1693717410081183 0.364006075722889 0.9990865484612578 0.2491236210756066 0.9631262259630466 
0.9559276842934781 0.008297161805148242 0.1936007961913185 0.7515791265309902 0.6409184781364229 
0.5221597003710086 0.3717346443141086 0.5876730361359008 0.08261730335620202 0.4080711720394221 
0.607489313057089 0.6540481132569432 0.9930752812528946 0.5844498283798417 0.483923590554276 
0.07489678542961699 0.8818546937547981 0.6337728117641086 0.9956804609024655 0.6535566833358776 
0.4058291274519154 0.2779595877961514 0.3242832835459977 0.7392625390128407 0.04246580736538894 
0.03969850021824078 0.2776449366889129 0.7272986834118909 0.06373421109071144 0.926530696335234 
0.1543278302836937 0.7300856062006822 0.7185072587234718 0.04224521510376281 0.4451521059210745 
0.8473934376548855 0.7009596534254426 0.5944232646420268 0.574821283947093 0.4826228090041605 
0.2050409691024734 0.3453953825357834 0.9807068262012926 0.08460453163970319 0.6100278314254716 
0.4766122969401978 0.5623509270218406 0.409045942681085 0.9096395335207699 0.2488117818358156 
0.3900365015376985 0.5379612111517738 0.03147783686515718 0.2669092237085676 0.9267453434717303 
0.9045761396026085 0.6235273928321825 0.3307453449119653 0.6554195914788009 0.3304467124464323 
0.7091554515761351 0.5743997472633658 0.9646851851588458 0.7545725907572177 0.2975356326772194 
0.5946180121517782 0.5819190184976456 0.1559804127218609 0.9653257036430737 0.2448103183246065 
0.6272747784194656 0.4853911800838345 0.4288004339987291 0.6336636898694623 0.702406833312191 
0.6177084765590661 0.8993465648155765 0.1233808810695461 0.04222059931130619 0.51046934833622 
0.05044045778095557 0.4370973891128601 0.8432889765059531 0.5127298349928816 0.946474702846606 
0.1381011849030371 0.9023141076641191 0.4868685497787587 0.5989189358013861 0.8905919661779444 
0.9689290934920373 0.6793461690381 0.2284762704944693 0.2191888064800948 0.1099745744069298 
0.532170118982175 0.7235231559807499 0.8584655229629781 0.8815827849891201 0.8828946715553071 
0.9616567735804983 0.6484612487660855 0.4778544957165819 0.2754553621506902 0.9826294549569445 
0.547620046717639 0.773239843929781 0.310731262266107 0.6294566291521485 0.4014333602937889 
0.7390707383815303 0.8519080818795182 0.1108408357257559 0.3414007171515474 0.2211907102101922 
0.4456503543199017 0.03399974233878194 0.3536646721964092 0.08722407552473144 0.468772167172153 
0.9139320001074402 0.03184751475559307 0.8202972249989322 0.1196380186581471 0.3741207927011487 
0.3785902615336179 0.08916596767304157 0.7234698316525023 0.0146438054354904 0.9596806688299109 
0.9466083157910468 0.2413006737768306 0.09007056894419217 0.4395033764134564 0.5077461585613606 
0.095801085538176 0.2423202249312505 0.7673235130038781 0.1459180186763458 0.3913296268470615 
0.2711245626692365 0.8835419152636377 0.9411340112651098 0.2704327254959171 0.0002598520729676454 
0.9135976572052801 0.7666076521120426 0.635062945442632 0.3406697788433935 0.7688773889826195 
0.4491498156906314 0.6034069755273758 0.03131793145567102 0.3235755879104656 0.5572090569398784 
0.5413622682484616 0.2086597960804735 0.7634665772139679 0.7778551469624797 0.5447313789351472 
0.03149806388018678 0.1772931346144416 0.2227057864717922 0.8952071429954385 0.1672494873486742 
0.1690143356061085 0.5574731316780218 0.4582723775124473 0.4657720032972557 0.8732906507049912 
0.2468223378969425 0.07557491692594447 0.6211927799168174 0.8336611897255963 0.3371617614376033 
0.3534613984456587 0.8932001385682596 0.487602796228275 0.1632075938674539 0.9801488906227042 
0.1380340598835085 0.6381911808717823 0.7528768746810838 0.044269569053859 0.178182677166277 
0.6292556665742193 0.3758858800874658 0.4115418922603089 0.1777017511793368 0.9841455816198081 
0.9012856529865403 0.3638657640951469 0.2459087567497402 0.6167945674812706 0.4162364801215717 
0.4526574809638652 0.01801875731407159 0.8251641657380208 0.6516844069488277 0.6759945924449405 
0.2239016667940703 0.4902009953629876 0.5258371171227531 0.9248241804153765 0.8011146604965691 
0.9507061911611034 0.2221266966342436 0.368273418013465 0.4115708144131615 0.4555574693135137 
0.6979637606267493 0.1070645471904542 0.5505893440636254 0.7608156426930329 0.5714796071920768 
0.5211879147667252 0.3243679724710357 0.8531337820198728 0.6483492347567493 0.01196166085752766 
0.9504065273580542 0.8981713912432547 0.2948917993517151 0.6930319764673927 0.8761253832427688 
0.5330922954472394 0.9912039021225826 0.8509080186875343 0.1123120610122489 0.6358728256478953 
0.05255079752708114 0.375836937511712 0.8952767434602216 0.3680720337060909 0.6465040464117683 
0.3566350732191247 0.03524398890187832 0.1993108183737825 0.3822016672347841 0.1575751986864814 
0.2602772817983917 0.02715000153862719 0.5455921390849913 0.842448079187719 0.6870612322050875 
0.7412340979635412 0.3116480032417421 0.2384654383576227 0.2004772499885318 0.799678128917961 
0.3673147484145252 0.7720619793690534 0.1871527542065743 0.38310159182693 0.02737983494060836 
0.5387459697809023 0.7777597433698402 0.9310953421967527 0.4852563391701742 0.701769861545777 
0.803160003127386 0.9787098358259672 0.09706376465565661 0.6318902325344247 0.2078908144542974 
0.6765595002446477 0.5085293777413629 0.1590585001054282 0.8892903198523446 0.6859455832091854 
0.2613891681463489 0.3080576492160465 0.4972151887470393 0.7955369859789748 0.6280375879678366 
0.6894462188211622 0.5846525130278131 0.5441452237048081 0.4738902143898826 0.05703764745044655 
0.9228888945257786 0.4540680711949612 0.2065402283159726 0.9549988944957012 0.7905961428030575 
0.8002139600602113 0.65140379487858 0.9767464110382972 0.7588629290208249 0.5993867527797228 
0.06711310407225236 0.2659541825888234 0.5045821032698163 0.2276954511732595 0.2796812032289451 
0.8871340868943256 0.1280788240553359 0.1660629731354717 0.7688500275391554 0.9204201189760955 
0.3218196906630017 0.1509090323493739 0.6467316376957447 0.6524607253192355 0.527903474515917 
0.1260035185287448 0.5912555243253548 0.05847851238717512 0.5367281624464988 0.877111838078205 
0.01475495663727661 0.4296040907425407 0.2391417023402004 0.7276813362126801 0.1890150194384873 
0.5275274846098408 0.2745961991003539 0.4877667575378826 0.3541160771750818 0.8304328204748233 
0.2864289719123337 0.6662907175093993 0.6699651291397729 0.5644480416267824 0.9047522208702139 
0.4504491049727391 0.8914950798844051 0.942535884887016 0.9009462442465601 0.4888496319193805 
0.9272258043040233 0.03657123944920307 0.5026192628128826 0.3137925266822815 0.3192615672311784 
0.2100919130895116 0.4183452724508192 0.6521760700394191 0.9907808615072232 0.5629203439156921 
0.6529862453323557 0.01010400000800537 0.3193054006284139 0.7083084347853735 0.3138530381275416 
0.08324392402534865 0.1113982176294273 0.7140076751453637 0.732715184901039 0.636170373271556 
0.7923049608606284 0.02926623124530757 0.1279070911041673 0.3357410822779665 0.5219490422337359 
0.0122328592300687 0.3141142693020099 0.5814088069381961 0.6878541268203209 0.06149518449979718 
0.9359330677575346 0.345114093217312 0.3787632129825158 0.1168150058710445 0.675349680558333 
0.771276278640095 0.2537883438721021 0.1010782008823025 0.7893503247489504 0.5103044787071341 
0.2038182435969242 0.5335658033795061 0.07605341816109715 0.4026146648596185 0.645833734790968 
0.4959701213383778 0.1370765383287321 0.2525778825180898 0.3766282105342942 0.6808003735872545 
0.9310378081199993 0.1344570327997006 0.6305949904303262 0.129189983595813 0.1216594841651396 
0.553329610131128 0.9284679225706169 0.6898021431101204 0.8992419237939886 0.5619216706756343 
0.5902828148767501 0.401267913003593 0.2143287956785793 0.9734724495391187 0.4577392364835814 
0.2794109388858552 0.5060350157140681 0.3364212681664135 0.5274413325628857 0.09554896469264768 
0.3277131301500635 0.2700930271422937 0.7470248222414556 0.8116962150245032 0.06533267216058006 
0.5892475592173653 0.3973850448316035 0.8814883354574424 0.0821648474529085 0.5727404375228085 
0.2119660994647876 0.6143175593581071 0.05957820927512373 0.1496573513148843 0.74743115054099 
0.0694082870317559 0.7308466785001927 0.9553747580773821 0.1895988244381339 0.1023688134957845 
0.8213677309485542 0.902715069418382 0.237965280698043 0.9761522023535022 0.6594160200824547 
0.5407880006674121 0.7882892067373523 0.3114663071198601 0.9781276030631606 0.357389198296256 
0.09212227304216922 0.9543483188823366 0.7311024540118795 0.2918952305138125 0.8183541774625097 
0.121171906883265 0.1658376526559633 0.5621430770379088 0.9744544124820831 0.5293124508150936 
0.3338539788079182 0.12486066461972 0.3805198216542637 0.2353339028627894 0.8164616199459057 
0.8436612236854101 0.5536931237490792 0.2196181504387066 0.09316108618045932 0.5768063475770309 
0.4280127451492077 0.7257305934022811 0.3673636069302288 0.4620214834264699 0.2187771425608508 
0.367800579685691 0.007710031049290862 0.951677285661779 0.06578136682254873 0.1203046461393619 
0.7707930053565835 0.6864022251924775 0.8219040659399289 0.518347157909447 0.6245794201091279 
0.5316456796461223 0.1392405884875597 0.5173528598491989 0.6283107880272149 0.3876076453516819 
0.7718658020660852 0.5331623074398184 0.3030751166859729 0.3262344206078694 0.9053755621857013 
0.2885468293643594 0.8877890425224392 0.2904377199367074 0.07739872681958709 0.1553278203466287 
0.8317744642937832 0.06230965675246815 0.3013728724675435 0.5253748101917954 0.6336049174228405 
0.5378389009502215 0.6185875401582779 0.7288293016337937 0.6545731018469022 0.840639385805663 
0.7812638307260813 0.02788796835893821 0.415073563229774 0.8500977344092849 0.8789314991039656 
0.04884656481192282 0.3781589284394036 0.8519652569552845 0.03615608604919659 0.1603661440224006 
0.07228564896746173 0.9647073709629995 0.8109321797192344 0.125176444218456 0.1405152772051282 
0.8989456582731796 0.7581697637214977 0.03246718412156772 0.05748484019293893 0.5784568851235546 
0.04548854698676091 0.5077115323048217 0.999830177282972 0.4269898642360928 0.4244127292877726 
0.3996608264052632 0.8399140846801604 0.9558932931149691 0.6237184080921142 0.5063893264697299 
0.0891531991657132 0.1280748317016966 0.9590408907292342 0.9977971472012067 0.2897946307060057 
0.6674319172091363 0.8198523753911662 0.9407936729518087 0.03526375032730142 0.03674371471928392 
0.4377295723950423 0.1457178509011139 0.567424247979443 0.9386526291569697 0.4980598844886278 
0.7035293820401171 0.2497288027134504 0.05199827318720675 0.5960829923675871 0.003606812108076651 
0.7383632679167557 0.03923789497334606 0.876123041690442 0.405388633276408 0.126109247899703 
0.6125867174284746 0.9066462365042696 0.7339686778783578 0.1755211492460925 0.9407709066139948 
0.5994202907868892 0.8728669205460748 0.6742093582015941 0.5261153039556536 0.6738114688122958 
0.7729536108852512 0.1801680837557845 0.7309716306359336 0.2689625659536334 0.2791613621918821 
0.1884913086083007 0.2509476644958539 0.1746062880936605 0.1221567067079135 0.1083589395345408 
0.2819867484464902 0.01419988402905435 0.290677830793198 0.2814124789589968 0.5797397610511461 
0.7487205358183828 0.5276711375064056 0.7134796378942223 0.4450037148048226 0.3807611416067858 
0.4855397617240869 0.9974619063958088 0.1498687166940223 0.5622763565235019 0.3680357027514405 
0.7311148600938601 0.4503081608470932 0.4298047622357533 0.8910678984712226 0.6472727783653942 
0.6925417985584538 0.1954490886168012 0.7982289869138218 0.04715338350340929 0.7195815511164906 
0.5464258596296376 0.02177607299900184 0.2964252932251272 0.937639834755102 0.1851660585183633 
0.5931883843742648 0.5459426483068481 0.5725193847773867 0.01077922307030089 0.07458170398484776 
0.5749983062015271 0.3134995758304546 0.3187865642744434 0.8827449923322153 0.2225210355212292 
0.3974022607501144 0.1054780362169982 0.840279254323703 0.5383149839516064 0.9367310763729063 
0.2435339073365507 0.09589691580572794 0.1398347675336768 0.8050894668814096 0.380691168219014 
0.8926908686045645 0.01948348981371343 0.1533893393543707 0.2222203465573246 0.1051156381277813 
0.4664573995077961 0.4635144650009838 0.9677764400836537 0.8416875742087184 0.2488365568228718 
0.6021738236366623 0.50635890902017 0.8045167894103344 0.8657292418493796 0.7218187732485495 
0.2261073990353392 0.04357121260747942 0.331114147943332 0.02035866111478506 0.936026292218051 
0.6807137582460562 0.7043939949271983 0.1996520729369295 0.07788738919390764 0.7605858988004282 
0.1907712218062741 0.8943368139240677 0.1432441961505546 0.6712640483769382 0.01316256090832038 
0.6536203776028079 0.6255815432603965 0.929940410049041 0.08612600002221614 0.7230310550758297 
0.4629893851643463 0.3989079538498286 0.400945428584217 0.1393452369084469 0.210883579489502 
0.7358636312523062 0.6162698207580541 0.4204115447492287 0.08044527406582677 0.9076212690856622 
0.2738197262223369 0.1931131933400457 0.5778354918023871 0.06192572351459086 0.7521060074816135 
0.5612641985790314 0.1473062855167814 0.7680666925991193 0.2251284669442135 0.0711291000656129 
0.1947463249987901 0.5379416221348998 0.1062809561350448 0.2175342917948747 0.3717540325107423 
0.443706655084997 0.7281658900020344 0.6767966372599327 0.3086559218897229 0.9678281110911059 
0.08123170250898146 0.935143463069717 0.639154701260083 0.6931293990028478 0.2190304626624806 
0.3014322128812409 0.5586549292184368 0.6289066851939953 0.297220720518592 0.7951459901104978 
0.5517221559338794 0.1235366271289639 0.9724244466132576 0.7215888370930554 0.8594286241241758 
0.02945130809763563 0.4637375823326226 0.2679827162952695 0.530572085914804 0.9850702165182278 
0.9722657602076239 0.0198462450212497 0.4326835506124416 0.8912170055538646 0.2608630350862235 
0.9359084794760074 0.09521822947731665 0.6322190229860409 0.7601487730178544 0.3919049780048402 
0.3103737863083701 0.1553396843604878 0.87256440796083 0.235150903137604 0.9238610418721113 
0.4593563722687617 0.8549892878667343 0.9448012807390191 0.1107813860311543 0.860905560318625 
0.936642768446616 0.1307925094302858 0.9504040213844658 0.8175087462461298 0.7340052924143987 
0.3600403278368696 0.01583774129016849 0.444672314135694 0.4783769774109189 0.7079891140412971 
0.01941388967000129 0.8508948277785769 0.2524864865344225 0.00594213096834174 0.1841028297046947 
0.9381451238034577 0.6955141782132691 0.5769922705519931 0.8844298675986318 0.7837540745999678 
0.8575078243490483 0.8214115967574112 0.523683420834145 0.7400230433207041 0.9860893243331372 
0.06596368528859826 0.04669516594039266 0.3987516662954316 0.1424345403031101 0.15871573432244 
0.3875826868870207 0.81983701949121 0.7891874730707494 0.2185444957679464 0.5112387320484454 
0.6196369059960115 0.5896808358909568 0.6769205279215386 0.1866484406104646 0.5951434800169864 
0.1656317499281663 0.9609353530247368 0.6351408473079339 0.5205376930724253 0.6599963039557196 
0.517557900348928 0.7688276709189978 0.944906152319823 0.355169808549198 0.9640128421041179 
0.8916205052811779 0.5908160176889101 0.06247709180525848 0.3909617151602939 0.2114252270084058 
0.7956705155989479 0.05414858733396654 0.8575146146468391 0.2215734776518052 0.8485372335151037 
0.8339215393301189 0.2815712920049037 0.1873528496950519 0.1126033160038029 0.5019473757713435 
0.5594335848449432 0.0001936666493975984 0.8689138237057283 0.3679214472717533 0.8185141929233006 
0.1281292844811019 0.3017209698009943 0.6121867519415604 0.7331121383102763 0.4129691981275683 
0.4896180329265574 0.2889347298348612 0.7843374695017621 0.716429694032054 0.2773709612146584 
0.6338499716341446 0.8907600778154066 0.1098653923279495 0.7565389841304072 0.4599523368358249 
0.237961078398243 0.994284422728142 0.2463249562579126 0.4542242279228754 0.8688466566078612 
0.06120107029749373 0.482142839358051 0.716256430583652 0.2136045163909861 0.5286744142519476 
0.7999369550851518 0.6345643091133429 0.71287408579473 0.6637383691458045 0.9496295237406148 
0.9165360902180095 0.1520741788302145 0.3912466208069707 0.3472954806319454 0.08306086514042904 
0.03530221033080533 0.5779712453952134 0.7413194507086337 0.2425621511268383 0.001858436541130148 
0.4694863057307269 0.6732923803987287 0.4497917617212064 0.1533812850371071 0.8466549151929507 
0.2087602395116505 0.2037711291937566 0.9117799847635789 0.9937599472789131 0.01707963375449502 
0.7468655898634845 0.9127561718779905 0.3488897961238924 0.7439497014952624 0.5630084001959481 
0.2211264703944214 0.6673851885513925 0.4440100196316284 0.3192537787874257 0.08471659808825438 
0.2527646585779411 0.6602111161926945 0.302011625115141 0.2637860391582509 0.8459404300135812 
0.9956664696686599 0.4128630398024928 0.7597015310072351 0.5429091797172332 0.2164279821638679 
0.969031851797691 0.3765932023921036 0.3653553717201622 0.02604524300399528 0.158416025409388 
0.08744159932941455 0.9858603041110312 0.01060646431501584 0.5156191158540941 0.1996199683409564 
0.9773456973014888 0.3447155438482581 0.327611170704475 0.7682123831906538 0.9198137627688203 
0.04909159544194948 0.9417403200299472 0.1625054317408672 0.2103341909496908 0.5937844280812526 
0.4824553308673259 0.5764117175217436 0.6985832111052961 0.05483175171243268 0.844460609224102 
0.7848886915335861 0.1726555639920342 0.4275078740830205 0.3924060986837545 0.8264800126358139 
0.1660551925843717 0.857005251490099 0.9722463057283892 0.4983126098602428 0.8717020971477426 
0.5211053362909327 0.4631987941766273 0.3099879684287165 0.4463492060459379 0.212349437317539 
0.0134270403500056 0.7340319458157405 0.8175568423267102 0.8609690404065637 0.5934380025543853 
0.8873707464739854 0.0873578117510895 0.4024664913943642 0.9111605261171694 0.552485386106625 
0.02652116133454605 0.4026821388157962 0.1388391730190611 0.2258620045708352 0.6614563304650222 
0.8738687793986608 0.6154371580907364 0.6190787806887745 0.8992285923741876 0.05490619624480809 
0.6366435907205606 0.8930459865100439 0.6384977655851217 0.7852688529822059 0.8014005646278294 
0.5365521927285696 0.9992759972070123 0.4462127914974489 0.5024404422876482 0.1859897572307907 
0.03043494210640681 0.9328975688607891 0.06142597611819953 0.9619941521767471 0.7314004899621205 
0.8619741957263235 0.03093988138945896 0.06262818165494663 0.06787120716370618 0.5047482957416655 
0.1419861393901243 0.1514041076407721 0.827216320745414 0.4646564169649143 0.8460378921273093 
0.9556023395366379 0.2422800571458399 0.6572343615939455 0.3990873021566841 0.7754861071225131 
0.9507860863514299 0.5769070125804003 0.4506909274689027 0.6861360493599954 0.05282043536985343 
0.3477002789240678 0.9254746106608828 0.04480313767425853 0.7049847534418827 0.8010479637996533 
0.4874858560895582 0.5306999434155207 0.4314498156972282 0.9206391560914906 0.7675764390125485 
0.1455195104745585 0.05624633163126799 0.5833999930198452 0.1222439847466438 0.9580317417269021 
0.3029464070771797 0.9104240763283056 0.7328650868399779 0.7771573630006025 0.5246160107513277 
0.2816660005149177 0.008085308005179669 0.728195249337074 0.04393610682130647 0.5286800225885986 
0.7768598432294567 0.4337585738932159 0.4107417655128955 0.5925178631334228 0.1944748165675488 
0.03258340011280688 0.8479511212546584 0.4536418261182276 0.2455033532178219 0.5183179302395488 
0.8810542122799756 0.01656532307061581 0.01484864147930116 0.7963218290852089 0.4371061982129648 
0.151837337097519 0.7558423108817885 0.2775291085736277 0.1750562189476973 0.3433837449061227 
0.8202592718388335 0.810431787160272 0.2696895734276842 0.251249281887217 0.6071727462881354 
0.9432023127668541 0.2855064452391922 0.7914407679587776 0.6461718811702943 0.7846315153077759 
0.6260123069003928 0.1327778681559957 0.1895228205990191 0.1375374682009791 0.6251379317850888 
0.237125863046857 0.8289773861852185 0.1921212301723988 0.5178943733651182 0.2342270827676827 
0.2444426989136474 0.3271207514749008 0.9067348625552838 0.652514789027326 0.3432359012878861 
0.7873456056173552 0.7333051549284917 0.5691982301715194 0.3681354347020807 0.2774898258746128 
0.6463842658212178 0.5346730854866496 0.02404077268049135 0.7449984142488865 0.02914246948676753 
0.4180306675610466 0.4150782181496036 0.8002291626883971 0.9024692106319033 0.4602849267243715 
0.6068469882359033 0.2663483508183614 0.4192438682913279 0.7898672740157168 0.8720348327566431 
0.3567911022418331 0.3427184513893322 0.1936164743537847 0.3479001502601907 0.08421340382816861 
0.693215054285744 0.01652193163587534 0.159778878791832 0.7147720356375911 0.7388154822872997 
0.3276277371887454 0.3416348081732454 0.3069919162841599 0.8713169020432758 0.8116829266819143 
0.1505018751415328 0.1682304092318219 0.08379802925654882 0.6866312659649435 0.1030251280647951 
0.8112117543111695 0.5010832643738957 0.7843906800727778 0.9279978666124268 0.244668927908071 
0.05799098956784277 0.09082972534623229 0.9217217682637445 0.1395349411332084 0.8610932519955091 
0.2250599529312189 0.7953638008602644 0.5753096813840063 0.8399986851935234 0.3427089754472067 
0.0363805185905875 0.8639530717663008 0.6404069660121855 0.7012921181071471 0.5104746447496163 
0.08592129636478642 0.5504199045067701 0.6501383401468507 0.725945426888187 0.8721300947861167 
0.9408233449787926 0.4178825150063898 0.8056367567289373 0.7889150622112842 0.9921450888641318 
0.9258342138469248 0.4941198302612917 0.01812204565909165 0.8794433906427488 0.1398195527224792 
0.9485538880173094 0.338821532731309 0.7584825558829414 0.279982589740613 0.1233300260329701 
0.7429628103490477 0.9729084989951275 0.9120166852689071 0.4663950893808206 0.6309356749208946 
0.9425774280904553 0.3716086902495556 0.06309848459115251 0.6806871388702039 0.9601464029867318 
0.8705105050939983 0.9580379081358791 0.4802861732151075 0.5629453664533254 0.4455265121590702 
0.9455150837177783 0.5797157669723564 0.3363927031469336 0.9325091983282282 0.3580526978645741 
0.6818526649414806 0.7217142149705974 0.7110238866765851 0.4306907063525413 0.8764556535153654 
0.4154365873132182 0.2143505816561624 0.7541071853718777 0.0633063655237401 0.2542990645533743 
0.3936317017271734 0.3622045787195574 0.1771154039254585 0.3359978292213021 0.5682529468124288 
0.8853306411669283 0.9553694940800781 0.5322205236570714 0.487567844298045 0.8884942891305603 
0.4677948824872752 0.3619720941691726 0.6541701005643343 0.00653943199402397 0.6693487412329346 
0.3496073948843105 0.4215694834351704 0.4984822535615853 0.3454609967464043 0.9969309966510984 
0.6445554550517429 0.5011959163075144 0.5119816432226418 0.3079170962793786 0.2795764719115418 
0.5764574520531797 0.8208620836129387 0.05366551897885685 0.8457168701259451 0.7087038922774525 
0.2993162669803895 0.6238085349048834 0.08341071145256014 0.5811684734395921 0.09499858546088066 
0.8818679318345536 0.01312479285132794 0.677605272408588 0.8466904265518563 0.7651767145920305 
0.7952703394539684 0.4149378636002109 0.9398960082071649 0.5649555387628239 0.4060558417915434 
0.07143088374762237 0.9806693227299117 0.2103442645098649 0.9561688026005842 0.483037163497955 
0.05204823396441193 0.6450908308144637 0.4538226960010713 0.2325384921442525 0.7169854925125447 
0.7216334832409459 0.1637270269170283 0.1446247980043769 0.5477951449139514 0.4085822208944597 
0.6253045639992377 0.2375301528161412 0.5719993040588878 0.8735173091921907 0.3156025999537252 
0.04551656455467412 0.7093203679063853 0.7290677052305465 0.4263102472791783 0.2298617221884307 
0.1679298200819581 0.7392274480925525 0.6765012128704019 0.2591135582583825 0.6243255340437447 
0.1878676469244344 0.1595577308873323 0.5101532740067446 0.6233391052793772 0.7826044683438859 
0.02338027743742943 0.2525479427144166 0.01078417879186061 0.9005082213510689 0.511618792955015 
0.5597879035120896 0.9948060743006275 0.6515446617238679 0.2610193966812975 0.4990076011656011 
0.8620662611997625 0.4677043009224162 0.9098424515499388 0.1396192887774131 0.003057297423407729 
0.7948295520712699 0.1444566653760551 0.8560142218885336 0.7382786422901744 0.9477424558839967 
0.6444035767204925 0.9864174188711973 0.4759945309961402 0.9291619349406117 0.3987404074096886 
0.07644597509061928 0.1571097513784717 0.3822625981904632 0.8511416577591019 0.7481552712450851 
0.04506735342777258 0.4286193631606434 0.2921853005047066 0.1311896252760106 0.4417208687415276 
0.9224177924992791 0.4293237038346301 0.3618393138116883 0.2987082180450917 0.1153204444239406 
0.3599394721611041 0.9573715928294394 0.1613704644613021 0.5125728278721625 0.6210496941590544 
0.3605386371540297 0.5679637955855842 0.2775251665093535 0.3670583230765138 0.4048846757967209 
0.2268495578758893 0.09452198120123774 0.5600868235579102 0.6267938899655855 0.06440227267793762 
0.2380195580963478 0.5577786751332473 0.7994757383390765 0.531268648664268 0.3017800940224253 
0.1151111299945101 0.05515281034382182 0.2709573770680111 0.5076686151050294 0.1115563398230192 
0.3918496116908285 0.1756355205452708 0.02965354585358974 0.5936456426085808 0.2092633330113743 
0.2642629399998691 0.9798464775997647 0.04646931864245465 0.4198044466628834 0.3981131346904677 
0.3634646265149206 0.4946353282918242 0.7914691742796236 0.2711686402572738 0.07152993228878347 
0.9187022118920781 0.4390544745690294 0.591637406610992 0.4399852241639228 0.9937452948384533 
0.5620808811173593 0.4901083073991515 0.3100096255306727 0.9482121774434117 0.009336640401464423 
0.5652134625681222 0.503262838801614 0.666557122153893 0.8493364128174344 0.2841103880684294 
0.1369237619316531 0.6144085464538542 0.2827361191156495 0.5286176571613331 0.538301606266441 
0.1934989326972626 0.8706023482731492 0.1795061574941038 0.6642871627530961 0.4707480205162374 
0.1864615576691008 0.9150181323700339 0.3725623124055761 0.8269470232881337 0.13220011977344 
0.3980679477288416 0.3773097550670591 0.3936554237846085 0.001950871504912634 0.5610758808278976 
0.2766818820263844 0.8829470074375358 0.5622168836161361 0.2306940766782526 0.3962472549616851 
0.728329290335555 0.5124178245468326 0.4991601857296189 0.007311033070945023 0.322837516987993 
0.7398732658399094 0.3221345807656967 0.2692541563702506 0.3712074645409592 0.2904777641246994 
0.698992405631721 0.6651035401483955 0.06794162747175415 0.3327120306896136 0.6734652894219954 
0.5504687522875568 0.5806600409487304 0.01451379763010607 0.6959198953407912 0.7281483619202229 
0.7602347541492357 0.4750149733210198 0.5369257543713266 0.7497255651460605 0.4275976822491255 
0.6191917863515696 0.2578665267559642 0.04004694601274647 0.1311176769751745 0.3903431223579237 
0.0953954478959034 0.7000100670801911 0.255480209966807 0.7155834049762489 0.1553625708164627 
0.6208159346193961 0.7991655369619926 0.6145066364845285 0.06184902383523 0.7286072334391546 
0.6013005262327196 0.6354783061316732 0.3250257816595735 0.62073283247016 0.09223793686686446 
0.3690359357848902 0.5567473971644115 0.1783010083125874 0.8316891043137183 0.1017280139269877 
0.3765056847675449 0.3409678698394618 0.1205320297542862 0.5841680125130483 0.7255429592094033 
0.370419181963731 0.4249739639926146 0.2434504204027402 0.6605539865070088 0.4950429463660885 
0.2201826296662456 0.9063773234905349 0.1758048329473083 0.1902275227926592 0.8175348124104727 
0.8195344548409819 0.5047225476617986 0.818783290851079 0.3714628909445968 0.8739290770150747 
0.3472739067843393 0.1721602416672009 0.8571391909661382 0.0356250530079171 0.7251777673665635 
0.2662282196275044 0.7788815470281333 0.883513081412875 0.7001136997010394 0.9998932783398157 
0.04720637070243532 0.9509491308621919 0.5425715543802594 0.4472428140061798 0.1191705232293389 
0.7718921759875023 0.3269631186392216 0.9113139775865304 0.7481969214902877 0.169735482934381 
0.02314689418438991 0.3203430972059357 0.3945616744476933 0.3478738161261472 0.8794031281747853 
0.7620006675406659 0.3942668856912933 0.9180543292427732 0.220445835040941 0.246290006229106 
0.6817683052758481 0.7134225769265146 0.5818133054217558 0.2226770036795166 0.05769698437181868 
0.1671589640537663 0.5278108358885589 0.5398539812570776 0.6466752648267651 0.623612474050059 
0.001805789632852251 0.2915681752114985 0.8533835668998223 0.6686719811889538 0.4771164296613828 
0.8104833121704302 0.8250371828950586 0.6271649407754243 0.8673576795639828 0.5709499844661542 
0.5200088646915262 0.3650823944507448 0.5269993766815342 0.7845366349289249 0.5279175761690958 
0.873285071257061 0.1211130556377591 0.9134363838667878 0.5280799624239588 0.3584101075413152 
0.623517940439424 0.00973657576844854 0.8354300133201523 0.9361603691991347 0.8875436773702451 
0.9514409627293473 0.2267994286331126 0.979685058029339 0.892088494418441 0.05218696529377095 
0.2767828600206769 0.7995495224448467 0.1154418220102233 0.2507513389836614 0.5212722816204433 
0.4799975681247603 0.0152660709402334 0.05765571226738032 0.8056802277174149 0.2537042560964154 
0.9713217138745752 0.1327974617762554 0.8519709044834495 0.4832341657454871 0.6207878282975051 
0.6928705676490514 0.6952089046583896 0.1980240426945971 0.1652767791124182 0.3958739049297314 
0.09440998919657893 0.8106585762037517 0.09456444783821913 0.7169649568020375 0.7662675696231029 
0.4483729736757168 0.5452039077091141 0.2080895979298422 0.09227499416291539 0.8001605936615011 
0.8205276949827673 0.5940853627365387 0.7975940119436744 0.3552414137327841 0.1431302092467888 
0.4822184958731227 0.0895699339226841 0.3376589079027965 0.440715003581 0.9522881990474692 
0.4302091969843905 0.4716140925273727 0.7931692505236981 0.9785711687110132 0.0740116545001263 
0.7432656805990111 0.3713070827870101 0.2341398320706861 0.767798889540412 0.04993087687821903 
0.326928798998436 0.9992510692323073 0.9507514694370276 0.1479905630596599 0.3919953305342137 
0.6260803572490956 0.2214290488589026 0.2502156465271115 0.5724515738563639 0.817810499217012 
0.1262255023386181 0.7579582102998619 0.2869595145321533 0.4816070214895662 0.9709846150062432 
0.7293934194317802 0.4952300770819439 0.1108473850770941 0.5320190662115527 0.8883366517768323 
0.287417273495455 0.4328076671196135 0.500361706315461 0.2001740394285039 0.4379257354165938 
0.7861336743896186 0.4031715575341236 0.3710110904789133 0.5700571291673179 0.9068242021925715 
0.1915234944039531 0.2051824086427596 0.7320211892052155 0.1902538630324315 0.1316870223658449 
0.2671705329091975 0.9619017462605719 0.9238585275490423 0.2373817246482153 0.716654695177019 
0.6021649850513014 0.1389986610244899 0.6818327776903687 0.4803472836408227 0.2225373617200156 
0.9664170553236047 0.2517308412830113 0.5812877367672785 0.2427370014088667 0.5340747265069071 
0.8732882651155988 0.7384566435769588 0.1147942530020739 0.8443606810238636 0.2299872696856695 
0.2216499332805729 0.3498190136894721 0.381430653331057 0.01909363147684522 0.2861993357480972 
0.7082862784339348 0.5942334252177455 0.7340113486644976 0.1769976747459798 0.3244474426767522 
0.4361819036745881 0.6680935180044684 0.550591524536613 0.316469431800993 0.4417807062990353 
0.04640484471016113 0.630283030309276 0.03193255829655515 0.9203873001648394 0.7342542807514576 
0.823276936308026 0.5750409064956242 0.543568112503769 0.5076702696712316 0.7776946507230793 
0.6633463529227093 0.9032080245196994 0.9571283600195185 0.5031439267614609 0.3728937885526271 
0.1786689326227663 0.1387320829797334 0.5037234481664341 0.3765212157712013 0.5072420698359521 
0.1972395562057405 0.5499402752499239 0.452551750424243 0.8125028001304933 0.2062842735513271 
0.1198016637952483 0.004649051642471881 0.07862607961466567 0.0585528768529664 0.05806797218671744 
0.5533547411359117 0.2386271844609358 0.3773320964378366 0.05066624314248907 0.773920019553043 
0.6706358410834943 0.04437079088872443 0.966656482921589 0.9718109075198788 0.3436918678508831 
0.6990233882379095 0.8518105733197519 0.9301458783944954 0.7873679147384332 0.2546381846311666 
0.6916983312122313 0.3476966760008993 0.7115340482226274 0.2640917763553168 0.4938664556328781 
0.5431822401019776 0.4052426765938162 0.9912250166210016 0.3242990409890608 0.1158027012213138 
0.7847560634104234 0.9323484749099461 0.7792209284523935 0.672440284727168 0.4821992229675499 
0.3436979865159808 0.4894117829532806 0.5218767357857359 0.4179002084556004 0.2698071839644177 
0.6074471048998918 0.1046436075742882 0.5027545202538928 0.4272509539738022 0.6296252142203149 
0.1019867388788202 0.2429075346656105 0.5737210296374025 0.4195724471444288 0.08519776443398761 
0.5587731058600748 0.03579237658337145 0.3676424265068632 0.8964143829043291 0.6469979133385889 
0.5022670762886289 0.7968502234025322 0.5649271890225173 0.7861024707888336 0.3788957229335504 
0.3657012795734478 0.1913255387525332 0.766661595499878 0.4515508501210163 0.6857652562893959 
0.1737576602895129 0.8676997082340411 0.815827765991316 0.2896064612756613 0.3457196139558739 
0.1489033113239834 0.2964426464363133 0.338569270493741 0.08269946462980193 0.8504593971038918 
0.2549907608007378 0.6045031557005736 0.5860164019853589 0.1032241155775994 0.9886271105969991 
0.1271009987245865 0.3942430642156607 0.1000870167135307 0.6402656406344734 0.5024794385981146 
0.7088727214901782 0.7259545374583096 0.3938550883481953 0.04190842051903364 0.5583459445321686 
0.2808741044660699 0.253733953509566 0.9753319289592002 0.1813049952004216 0.2798727668097355 
0.7406684020362102 0.04033039286706885 0.3472609792351485 0.5258101408857201 0.02021387440431076 
0.06714622918723583 0.2000701639108714 0.4621001699905503 0.9282336021460119 0.01194192383979405 
0.6511914386568387 0.2127228970181266 0.5073087766446438 0.3482822374103429 0.3820033949348435 
0.552956015039626 0.5719586921974278 0.3343244320997564 0.7930650272991165 0.518514574508481 
0.6058819167000055 0.8887278683246314 0.5445849080260724 0.5231277856418547 0.4207041177195774 
0.4263106758244696 0.2754276731902311 0.6047065846954834 0.2904565053848828 0.1959740622806516 
0.194431632038199 0.1074149162231088 0.3164881336024188 0.7235003718719676 0.9582964197170752 
0.06574369188595257 0.09751496715010693 0.3756384556496319 0.1569368369508183 0.4562067539110705 
0.9606219487025512 0.5957136433973216 0.89236599280828 0.7018607361443062 0.8076139056251065 
0.6538123309306901 0.3173572736583528 0.9024784178106885 0.8893970392148451 0.3868009292019247 
0.4222112323432888 0.2528349237718687 0.3128329681598488 0.02113380364076655 0.0162737050242889 
0.9087829093279169 0.3527154311523171 0.4795442479048609 0.9561732005546989 0.4646115811636507 
0.4370579850336423 0.05118891658067471 0.1199202188668207 0.7806162865035812 0.5865334106187519 
0.5243196476864501 0.9448886806267399 0.3513688526810318 0.2137577732651345 0.1517944782689098 
0.7053838574983332 0.2731591298374161 0.7141756002092586 0.7864592473403653 0.7629083564922133 
0.6131566891090947 0.8043096870586982 0.3960920427107222 0.4038103425506564 0.02772413644654858 
0.5506211422298911 0.1394333127173093 0.04026826111981453 0.5541029668753151 0.6397472038103427 
0.1133925905989739 0.07834509992691718 0.7553624328181605 0.5757318846639909 0.4063603440255197 
0.5294871710280397 0.5633623904062317 0.3823095032602901 0.1229363333660567 0.432433401211042 
0.3094133280246676 0.8074150624899815 0.1438046840307628 0.8073034322953144 0.2157204818113086 
0.2552128635991526 0.3497307154716601 0.4576483863941706 0.5383340431864302 0.4574186727497574 
0.8418293720063392 0.3948429319441075 0.8901874492864346 0.8365962687876576 0.6082169200290258 
0.1420572786115146 0.8264556100003548 0.1951314454842958 0.924225579011232 0.9265286895853382 
0.498819427444991 0.1488541793608301 0.5958082221033691 0.6256206490081474 0.7689235031194167 
0.06519488736411616 0.7313521034062236 0.5149138703608549 0.4774441089570086 0.6146036834586228 
0.7955206813663763 0.9649683537463762 0.705825987781346 0.4452177026308949 0.3306365770740565 
0.9529347444066113 0.4973956537320823 0.1303283197993253 0.8574785660817534 0.5264069216827838 
0.8826922246301278 0.5443367229171893 0.3674324058208077 0.6249511652078781 0.5990425659600738 
0.4972204421662003 0.7575239663157045 0.04379760192861913 0.6691790347469322 0.9733140430339304 
0.3693717315608208 0.5766846940335342 0.3658865480253357 0.6822508136099301 0.7033566237924257 
0.3317006143522768 0.236178933270674 0.02806610949734083 0.8227947715439276 0.7773817067217461 
0.9721199681378501 0.7003202533461862 0.8843132159603472 0.4525470135186173 0.9675159397020003 
0.3246168496200352 0.1859542011119499 0.5228436521916217 0.8395346716282479 0.9135203495229203 
0.5054933121244444 0.1339834745111148 0.6873915944257658 0.2042772463087598 0.7934328255984788 
0.1038709036469012 0.4723827981121003 0.3640126191791035 0.7354613189976267 0.4357633433465386 
0.8104907497294047 0.3554067861850443 0.5659511504668916 0.9040885189083916 0.1366946267022357 
0.165058635037123 0.02868796079496434 0.8911686504906013 0.754163506496205 0.245886962803871 
0.3062971177385475 0.348304934038278 0.9451612323070416 0.4925591030596925 0.965177417104286 
0.7775285123926925 0.8410172240387982 0.5428122117240339 0.3333004546532111 0.5384998859553114 
0.5132665005663739 0.1120036097090162 0.1644867569586979 0.9267488717066404 0.8353934376441604 
0.3825333253817906 0.4998237995795214 0.9586380621474677 0.6567246340059806 0.5234693937239145 
0.5724074176551639 0.09221375940163695 0.3028200779818384 0.6156764099620053 0.5639909946827982 
0.6596229553413151 0.6016507139515983 0.9540731739349907 0.3586813619011641 0.3315684119937946 
0.2115934901433674 0.7202887886307868 0.4875250475789474 0.6159353355103077 0.09636816586368947 
0.7518603014946831 0.2865355331490034 0.6845458008293707 0.2587422824048635 0.9394057006732179 
0.3896726987258771 0.02089653665532878 0.09256171014352393 0.07949420994936299 0.6202613955828988 
0.7377312393779069 0.489132611445678 0.6977627821848462 0.6480302345897182 0.185580891910138 
0.8491700383941223 0.4672819707898737 0.5366134073599351 0.2467676547366654 0.8053915191978325 
0.2041564930857423 0.0358044752605954 0.9637895537550283 0.809638822734669 0.6248636525006207 
0.686755944992261 0.4131289337160932 0.1668145029869231 0.6248302434850873 0.6416317526810204 
0.7688608561170657 0.2800635929707311 0.4618570100266737 0.1676955389363486 0.2074499004291296 
0.72210122121303 0.0005324568375092093 0.588093684842917 0.6838609551643144 0.2550756723821965 
0.5908148385776557 0.7376418375568253 0.803534787258138 0.7319719548234794 0.6112570185809983 
0.3672256768717742 0.07073922777617266 0.7659724347101196 0.5990463783428326 0.2105667087580754 
0.5087529884013475 0.03276920857024794 0.7208912656916997 0.8144679305495863 0.31666859910218 
0.7137132098736614 0.3590439647918352 0.6719117582693162 0.9432245184565049 0.5414419652276363 
0.1979931130920197 0.5744188318235611 0.2628471533720792 0.9775562469720845 0.8393217585840741 
0.01402934238331285 0.01362774086754071 0.9638467384272971 0.3306650443925805 0.4494718561335218 
0.9570608677492859 0.7593573257027978 0.6943263512469431 0.2426861135763476 0.419938142138737 
0.5827604712428428 0.07185735484185901 0.2253981896938375 0.7265826027396722 0.01132015615470058 
0.30199567144287 0.7592288028328706 0.6170554066218494 0.4322811813402949 0.249357406180282 
0.175631904249134 0.3363231075702214 0.691586685360554 0.3872729293212658 0.3429605326616801 
0.2802541456575002 0.6284598969066206 0.8641025687968178 0.08547488437358679 0.9405755735110302 
0.5483933209732978 0.3586899727006349 0.002107904706299879 0.4132135287210892 0.8264905695695399 
0.6438202747777221 0.7226103420867056 0.4895452194317745 0.6290305860912352 0.8753668142123026 
0.1712236953038728 0.5181714788903351 0.6449494944815674 0.4500107210429912 0.08429279939913542 
0.6952882061869575 0.7052496251520053 0.4667315586277574 0.3032111064030143 0.7665026268452735 
0.6949214807578854 0.2624376412662145 0.3590768755238072 0.7406512995366842 0.4283493548489941 
0.1072988800660666 0.4353663047318861 0.01250297219331656 0.5858217944375429 0.1561324751547591 
0.8098465115096606 0.811447927696897 0.9580022125204648 0.05473737331813284 0.3195319539005255 
0.08522575743292378 0.6509385919769772 0.03975457354394568 0.7869810673683896 0.9909804977584223 
0.2334026178340264 0.3918037550107748 0.2253566889124987 0.3084084163651863 0.8162161701758367 
0.2612303151890558 0.196524851339278 0.4035855003099574 0.2624551436493069 0.0800721801533618 
0.9775537040296404 0.04527474298354661 0.4438947188360138 0.6821954588091276 0.06934852660887905 
0.6052597860133314 0.6001422605213667 0.6140343662514136 0.4631462394456027 0.6162677171386119 
0.6863620368485444 0.109627268326296 0.2980679135905687 0.24528877173756 0.9970372952652825 
0.9366937835375129 0.5687933259280191 0.1741556968342921 0.6936504351085224 0.7876647515557675 
0.3743567939547497 0.3169882465670368 0.8396829894289507 0.4362257669701316 0.2126771380417273 
0.6711179535076727 0.4164903778531462 0.9762484923205778 0.9857802041861472 0.1214116064376077 
0.9121394894259633 0.7757464519559024 0.3204234284730802 0.4238846742319165 0.4093189103877325 
0.302937835400712 0.919345060427146 0.434661385216926 0.4224916225862506 0.06903593834817458 
0.1802932160107427 0.563217805149886 0.1604083951933094 0.3395928702349223 0.04770788251177155 
0.2713841084718173 0.7664588167498274 0.3297124619042627 0.4991846469128265 0.7303853078613906 
0.8973584469729529 0.3159268088364599 0.9899413456341839 0.4398891531083279 0.1881000578770456 
0.6061154936922125 0.3023226603300689 0.1867330474802067 0.1412605005718063 0.1369661184447426 
0.7261709759125147 0.4550009365305641 0.8593650689981828 0.6290147628117493 0.8053440178096578 
0.698372015594632 0.9358924846880864 0.2184707047041284 0.01197712947427207 0.9109630683481836 
0.7663589860593407 0.62482821539559 0.7095958719289804 0.1181704074520592 0.8604319118986306 
0.6465222535707061 0.6417808830830383 0.5191002841142738 0.5909969021165148 0.3054742019932069 
0.5418596499345113 0.4816610042713038 0.1480492979046544 0.2354012830442915 0.3227565666371244 
0.5430746442723453 0.7802665389451185 0.1783049949782671 0.1601068421177727 0.007273328974039439 
0.6350573677048138 0.7728958253582374 0.7524719414737818 0.3698030000868393 0.4339059384582856 
0.8036087887681596 0.09755140914120254 0.7488320447496477 0.2906732336217057 0.5569061307989808 
0.8813901583001573 0.2306750928228969 0.1723661591213196 0.3867510381440686 0.9257761521707496 
0.8727274053342962 0.7284981697477456 0.6286497366659762 0.6270818398754343 0.2063843109947094 
0.9517261331246299 0.8371736085488179 0.4369834690429868 0.9793936922151826 0.4598185088610027 
0.7450063096892054 0.03021901117205392 0.5907369265059765 0.04309931205711152 0.6216373148827828 
0.303203565767956 0.3787404005018436 0.09521015709612766 0.02105685148168104 0.9208669244248098 
0.8452853735010911 0.8684568247648972 0.3648844897437892 0.3168883827617732 0.1543040418024184 
0.9153898867708165 0.4174124265543385 0.001045897346559968 0.5902286156890746 0.6557661106429532 
0.778459951629235 0.5478173965187336 0.3100230704789542 0.3522634471019408 0.6164959116253033 
0.998278428691644 0.6805920602264587 0.4393162649931865 0.4630055191899847 0.187895836534398 
0.6525187550641988 0.807732847152234 0.8176624511623691 0.2469938304060576 0.1809932934572041 
0.19987843716927 0.6625205462194755 0.7571751078272302 0.6863166643914672 0.5089351790049625 
0.6900836999967905 0.9557065498444177 0.2707537421554747 0.3852382141792794 0.8043439092321807 
0.8006919387172649 0.7268219284171663 0.1100295357875896 0.4171980386294976 0.9845929598637861 
0.2080469783879447 0.2415265977496648 0.924072940761508 0.617501965398713 0.6459755189138234 
0.4850600775210573 0.1554102698029408 0.03306110844555044 0.3687079369610629 0.007861772074955177 
0.7804244759423442 0.4531281092415914 0.2510434923742306 0.1221436904678979 0.2904600487223385 
0.6919744501488249 0.9625891284715233 0.305502472905848 0.4348215533022839 0.3628918639315998 
0.2411301403923941 0.8892189883973629 0.4476970178608747 0.001964062079564374 0.5163829470894009 
0.3828651315669362 0.5780169213476802 0.9639138355372167 0.3365234998124152 0.2730294396115796 
0.8947588598282161 0.5874452249942843 0.04542055753140818 0.15169987482568 0.7857234077204434 
0.5209804912046685 0.2030895380957389 0.3490851300056085 0.3293757925236491 0.1852085739233479 
0.9819466935639252 0.7740767223963069 0.1108943330299918 0.8128005927131006 0.4889880479395153 
0.4902883958340328 0.9420821671524767 0.7673150593559132 0.4085248816923971 0.0905907299827579 
0.6490070975862127 0.3754387910613185 0.6162485906135762 0.5503775084540984 0.8652959862031 
0.2334938729486535 0.6644752472590116 0.2587765737108284 0.7187910500650245 0.9087595474539247 
0.7885589089071221 0.08213816904821016 0.6679012481144063 0.5557134632029209 0.6999720043531212 
0.7499410611436133 0.7310369880132254 0.4472336046821085 0.8261752805642767 0.3849515946201373 
0.4702791950005299 0.390849695652514 0.635821978974955 0.7794609675158053 0.8735775099915497 
0.288642663652399 0.5277158701725799 0.245310774147653 0.9050539920373499 0.4023849102140776 
0.969746260079751 0.5616753586695127 0.8603282501784946 0.1805388656337123 0.3174193240358159 
0.9628077399897476 0.8072561391871154 0.8284057159812778 0.7542646592779054 0.3250266690036503 
0.453473478781158 0.6691251348205935 0.749629329695207 0.5625734436537333 0.4499831466707243 
0.3781202006299383 0.67820828759831 0.6342832092002747 0.9452117552359518 0.1710478119034442 
0.1852623092144588 0.3795102226126739 0.2819016937854752 0.8985032052705045 0.0527161195676379 
0.5203623995709655 0.9060497323691051 0.7938270272244009 0.0684222031981831 0.3278966778949384 
0.02863358598430459 0.5364030538666853 0.573176884093501 0.2629922508602368 0.2270392182198397 
0.7289975444228707 0.8637849986540177 0.9029146407197927 0.9071879383222911 0.5365270581198902 
0.9246991658163846 0.4960040394743165 0.354918991342716 0.3924793528438246 0.3852717938959008 
0.8480508947733142 0.4247282311254373 0.7459946051730385 0.4873081820520054 0.6251681616795106 
0.9783950495762005 0.288505423165576 0.1782054711778206 0.7587434387937728 0.6840263087236808 
0.4721134976966035 0.9842088319178521 0.9219499818572993 0.386371892306667 0.5460612005199805 
0.5508674323613725 0.895381428630046 0.09245656972690525 0.262112075134789 0.6982426867208956 
0.2409886708305874 0.2206760648168948 0.2308578614084129 0.7508400386845039 0.614909684115729 
0.6537946334183419 0.1093351168207693 0.7171917066224314 0.5127905687676028 0.9463640189740539 
0.3395586592361022 0.749225674681097 0.0783711991204996 0.3640001380600912 0.7672301145503162 
0.3454228917407763 0.05761009146552985 0.9460466727360004 0.7734837684619961 0.0351372110416597 
0.5595011130036466 0.8422276377078445 0.7476827953571294 0.6191302711492449 0.2582560035596018 
0.3170036840619604 0.938082558680531 0.5119420408051298 0.6240443693702377 0.2869660360296457 
0.4335338672659566 0.8352945726747785 0.3324585500692408 0.5916333881146508 0.934894354118204 
0.7688352638974645 0.609042678002762 0.7953081809894925 0.9629304459886513 0.5375344069248751 
0.7404157379333012 0.9853023664971555 0.6078782795466182 0.289586924298366 0.7683434204041256 
0.3890660123339671 0.227713613584247 0.3436824475062469 0.8192299679660455 0.4100003465879087 
0.7878962407296571 0.4326660604704879 0.1835089683733159 0.8371591106716005 0.3107697768316662 
0.4715361861175558 0.2768258543510655 0.1894459375819877 0.2218011756155623 0.8657152264160037 
0.313918532177545 0.3795125451513334 0.9103955983727733 0.3111161938194346 0.7432974538893402 
0.9821964604651473 0.5766032686536879 0.2598093420881438 0.909506577991094 0.03086404429051771 
0.1773641499410631 0.4636966676740478 0.3423842277215196 0.2764995506079577 0.2447423186215832 
0.3194126748387623 0.5071131695587091 0.3804976376149379 0.4145526950282307 0.655713091954597 
0.1983376373665989 0.2336713996349582 0.4224088732375867 0.7728631870118364 0.2082811075861851 
0.3909202870299089 0.466623654870733 0.5976297379031408 0.5524103114657605 0.746621225665177 
0.3587565094428169 0.9834366356297287 0.682463549743255 0.1723950694317204 0.1671151071021391 
0.2386235941982743 0.1786147354262952 0.1082758855803431 0.1567632107924303 0.7853668046204082 
0.7107208339155821 0.7863928129962118 0.9234571030151225 0.5422967438732365 0.1226713043396925 
0.9600010597672065 0.8076041488145796 0.1902210043922556 0.4996258214713865 0.1744294551061625 
0.7116151650169553 0.1039449196204452 0.5970024538714461 0.06700510788429721 0.8971908154459185 
0.6343363584563064 0.3337147238129465 0.2201438682191023 0.3935844298225516 0.0105460844495168 
0.2360224493255716 0.870281275944866 0.8173218648652048 0.9598748312873613 0.993209279563966 
0.1561232019172938 0.4246491436290626 0.276489781289729 0.6196720120240513 0.7292494675444287 
0.1070943386778582 0.8225609344745678 0.3646832332326049 0.1459387471380559 0.971539269586387 
0.02615329601877999 0.3676335482527949 0.9592209078660681 0.9194670406892875 0.8151780769986535 
0.2744719682823821 0.3033722867161305 0.6806150194534887 0.5755999805972942 0.9297401869699036 
0.4637854845376408 0.840280903289809 0.2760360956820863 0.7113308109935119 0.6844604202083364 
0.6527130748849613 0.8003861147059392 0.3817514704089486 0.8835134231111492 0.7756904505593361 
0.0944851779361425 0.6826791633361849 0.9311506935743102 0.2441104967552818 0.5376951714979018 
0.5119497916192125 0.00828242392418318 0.1702782953184777 0.2927637292446837 0.4534751889793168 
0.9366495131191876 0.9078621244296959 0.7997314245211957 0.5418739897620143 0.114834968434352 
0.7195329975381222 0.8200615266918163 0.7002547836210388 0.111267946724921 0.4812382862840017 
0.8483674150468621 0.7734566444508749 0.03801655369113737 0.3108931510915414 0.4595886731049166 
0.682839605359269 0.07957732880058531 0.2260088042167446 0.1608929054306425 0.291037502960027 
0.7976418280079512 0.2681367000519572 0.386699827363838 0.690943600727698 0.6878686334421891 
0.974818508170218 0.1503927658567019 0.2849994675037359 0.2976376969723739 0.6911961858003419 
0.8008268314048527 0.4551093611448378 0.2193732267652157 0.08899929682797166 0.01002050744217088 
0.2879511712204473 0.3376288461134772 0.1762100961952488 0.7561389341935866 0.246186307079151 
0.3053307899925805 0.8376270963414899 0.7117369559308349 0.1445554651726996 0.8198799806277975 
0.8460814710546027 0.6225854599103781 0.1238710476783319 0.5241717231598865 0.5340331600093378 
0.168193807332544 0.6510408331282449 0.46952127759929 0.3470346938130802 0.4023719772102702 
0.8811269911017208 0.007516150325847159 0.06032878811631692 0.9642156550119305 0.1803788515260945 
0.2864835848759097 0.7633169809928494 0.4190235668173205 0.2529949788184086 0.6101607900208187 
0.7430694805133585 0.3029533536645411 0.04283448700256483 0.7841865241833667 0.800370477371196 
0.7572227187435836 0.6187552166862292 0.3103825362136443 0.4017886151807374 0.1840300037700248 
0.7385782761739089 0.5684981128941403 0.3334661956282642 0.7912230540930768 0.8714725383373751 
0.3763595499084728 0.5929541831670802 0.5606726552862017 0.09846929465091667 0.6213083991722436 
0.0336151432052883 0.6132210542051191 0.9361380409116643 0.9147910284183745 0.3586391423370407 
0.03625716525429462 0.6215574078279998 0.7522977538248519 0.4568815597648392 0.5015888527241322 
0.05016372042279701 0.2392960075450757 0.409590369705138 0.6494552522671314 0.5681868805610861 
0.5909434529287051 0.3841164176786017 0.8567729299649649 0.1739558184281915 0.845058795003155 
0.888890364331178 0.006565320689540542 0.1220802851609965 0.2018073330768732 0.8229989929512613 
0.6516016192637817 0.09314197301478361 0.01286874763114123 0.9193632544296487 0.6381893127697799 
0.9138683982505065 0.08323432262394227 0.2730268891844638 0.6944476813325368 0.3875194958841315 
0.2828008151030227 0.2130339841587267 0.3142934534759682 0.279514713584419 0.3487097278197417 
0.6712975532160151 0.2364176520067546 0.7959545020146426 0.3938909536189089 0.7357175484011809 
0.3263393970858128 0.1164426699424492 0.63274204988617 0.3658551860342626 0.9931566176114544 
0.08864032473435751 0.1051042533246145 0.2495219331559446 0.2510541009219297 0.9416616514678537 
0.2119645266437105 0.4976687568492997 0.7542178886480672 0.8142856363715856 0.3032937164983658 
0.5473383685807682 0.1325738908765731 0.5110131971622837 0.1166522519269425 0.2803944159053879 
0.5453100308709478 0.8120330992124656 0.4077559565440037 0.473845263021039 0.6453507384200937 
0.6053589028844111 0.473049477357241 0.8782393359670787 0.4417926978926208 0.6058444481276678 
0.4786400521764229 0.2674239214576254 0.3196697410595569 0.4793019482335708 0.4130096787892668 
0.8298866763644861 0.2785976241016941 0.8731583082641849 0.08827466984369471 0.477639539607669 
0.02576747657759092 0.7426728723726587 0.2302360430024067 0.08988624320748824 0.7417745131725716 
0.1142550719951784 0.405757285339562 0.5728961159414117 0.1642219110125593 0.75122284961149 
0.02159732603809316 0.5203576266735442 0.2675088771413024 0.1897949530284364 0.884743019816926 
0.9005973314961362 0.3022809656178418 0.6222169941688248 0.7463190893463109 0.5836206907332008 
0.4680356121576578 0.8894713161974238 0.09453621963568233 0.9127649407328084 0.004901362327089875 
0.4492729526079443 0.203775351786419 0.4984328151455543 0.2062201873397908 0.5999716191659284 
0.559900801054233 0.3877325861207332 0.5995936515709158 0.5420229836368274 0.3211824440183736 
0.4682304294257856 0.9572731479378366 0.516152958573843 0.6935456053462346 0.5870503765373284 
0.6611297689109389 0.9827560709112206 0.429535873268411 0.616993546216844 0.7781730094472481 
0.2155500741512043 0.4093056814657137 0.4529044232503123 0.7032960763286384 0.9431019879180214 
0.6236415441126554 0.7535363721043091 0.5931804176138483 0.01206993112449214 0.2661984344040405 
0.74606224482117 0.2350385437334402 0.8732773479086701 0.621784242942756 0.6028179193321832 
0.943172231740624 0.8774968185612418 0.9362385695250389 0.2903357308135907 0.6844762548120744 
0.4070457435164313 0.6806924032312837 0.8026754737038689 0.8310528956157717 0.3868667552279426 
0.4923046693587831 0.6088018342571486 0.8325036142473922 0.2944235815766442 0.767550026786575 
0.5077209098255402 0.02683501626906455 0.4183675786922816 0.9449887103725992 0.9307638441946141 
0.4142109977023289 0.6099325169025354 0.4731482499720152 0.7327201610086265 0.9563385769044476 
0.6200193178897909 0.06702789138889072 0.06538615563051277 0.04655820154928752 0.09317642997863855 
0.1969324219818397 0.1927877441369472 0.2796203255869519 0.4698017960193228 0.672043052049611 
0.4090035733601224 0.2365560729524792 0.6238927413066088 0.4078198961379481 0.4513471581773521 
0.692256842126765 0.877699368466099 0.413606724429665 0.1775956452729473 0.3606989109531731 
0.6337313802017391 0.7259771877281788 0.5221779517053688 0.6995126071117708 0.6014647262018348 
0.798061465865494 0.5301285521512165 0.97002816858823 0.914239359918995 0.866103864878178 
0.5248144896893111 0.2876875694295457 0.1038624213220915 0.7279102632919232 0.3747893197104664 
0.4065012609749011 0.5028387438406917 0.9419242002417091 0.01913639603708614 0.7431115085932299 
0.5743429786978459 0.4169920319079365 0.09777912582346378 0.4830050154006582 0.4327389456139195 
0.5208515892860209 0.1788175677708734 0.8321171363286678 0.289047361036827 0.3626900503081236 
0.2276406405541939 0.9812764716728499 0.9104834501673481 0.5050882034717548 0.6307220108385679 
0.4986289717975653 0.1356317762721324 0.5010687415330355 0.1826471327640329 0.007755452894556157 
0.08370648112708379 0.7218032855564163 0.9474694765669964 0.5994123087285064 0.1741481739507334 
0.879363607740733 0.8374392195680179 0.4853645851136528 0.1169837195932807 0.7185389660975466 
0.8979536989837756 0.1573337638660408 0.6871992667091367 0.5682450561606343 0.1957720705838004 
0.9142182462262831 0.9327954936586006 0.8166957881779929 0.4957355802458389 0.8316435740512862 
0.0661055156081542 0.2362899994757743 0.2921400067218714 0.8727032587189915 0.436769096558254 
0.1345211339042318 0.8906439974190336 0.1743950136135886 0.2972260607210302 0.100702246414724 
0.8669787907919901 0.1612165669501797 0.06641456218361834 0.5690307432134301 0.7477753869680241 
0.610073253209949 0.4532676401793149 0.1350772477012752 0.1883343683354284 0.6178204506439435 
0.1109436221750635 0.3814303739462365 0.5192411210055015 0.1702789574301767 0.02987993168484031 
0.733769264457394 0.4490309785656678 0.1308436744108038 0.5683075432111921 0.2066790479592103 
0.8559305477155575 0.2360083107533067 0.5233408265210732 0.930326525177252 0.7601020223920458 
0.7452154829895561 0.5067908362958496 0.0144490685778363 0.04345404235445854 0.4124425098723943 
0.5249324994185133 0.8451949705255866 0.05872672687907565 0.0297791742727912 0.2518749496890043 
0.7770871719885396 0.2603757570874074 0.8005785863111354 0.003551943514654777 0.9805055760924315 
0.1469402004570064 0.628228408858295 0.2445256501520396 0.7928287647453676 0.6363283561358128 
0.04110613718445106 0.7428968739790179 0.1028049811133912 0.3004854734944416 0.8874494443535157 
0.9349850674891962 0.8447579315476348 0.03454684795324116 0.6420820433816019 0.9883282804932683 
0.9613062437247609 0.238215047628244 0.05526728213910673 0.7293251549921649 0.2975462361876475 
0.5334117506393004 0.4180358894872432 0.1949222930203038 0.7404901871509463 0.8692042875092177 
0.3520396998351887 0.2892056897643422 0.7774587704423945 0.1502379179727548 0.5061784706147915 
0.9922252082180179 0.6154326297484553 0.2732221078871777 0.4372802936948501 0.765889720072127 
0.8069145910943266 0.9429185895800029 0.2425701457835505 0.9166192072855878 0.3745042943847375 
0.5728570114309922 0.6347544926555286 0.1059607098035749 0.4440485382992349 0.126174721446785 
0.1472455943158827 0.06362168261351919 0.7484438623428568 0.9384724413788008 0.8162597456301797 
0.1896015255292394 0.8018023147971373 0.6886781333042558 0.266967206773727 0.0642504137655769 
0.1519956241158779 0.2069251199464119 0.8243253497744033 0.5362993386814309 0.1159345889645435 
0.6804123759423988 0.2301416842645182 0.6697872333080858 0.7117827186112655 0.1083843740266924 
0.3139273979171743 0.682491699969401 0.09927930087753925 0.6262827374589588 0.6751196668727057 
0.9006964752113402 0.7134963803135509 0.663156008185509 0.9758326399530926 0.3498126688669026 
