4
1024
0.1961484019741946
0.1529211168267956 0.6588271330849672 0.3964036019788353 0.2265315577657967 
0.5189835178224611 0.3589578386094225 0.563429921695395 0.7262185409114675 
0.1500056607514501 0.02591227611469323 0.4587926885364432 0.6718153873250423 
0.7532453754214056 0.3615962468418993 0.6123957600673906 0.6489357257755644 
0.5566987907426731 0.2889882145554705 0.105836236192155 0.2974313517338385 
0.01727900054625398 0.8614227657032243 0.9971957703127007 0.3599665499762112 
0.7305228030887029 0.3938327881030721 0.04391390980439484 0.2090310245312052 
0.7196567808587251 0.949376159467933 0.7208273811442091 0.5429492967069984 
0.3961955547640095 0.3763938521122065 0.8981733109882043 0.6163731592016916 
0.5294294643763965 0.1480743655895648 0.7243607139813588 0.3524231934370138 
0.7705743963802851 0.103648313300063 0.5764801450321776 0.1076370076780953 
0.9900468767611182 0.08927685654232348 0.2742593139259647 0.9689464141802117 
0.4808021074700113 0.09942729927650765 0.003226836239025233 0.6135527879995537 
0.9087195101011941 0.7824683214950034 0.1560818953676018 0.06606987530619242 
0.7140996960367058 0.8619721393960496 0.390964181394452 0.1090593795053247 
0.7098675934270218 0.5543748040297319 0.2830960501742837 0.3607351512114332 
0.9998698907359543 0.435713407011337 0.7991218725933102 0.1759555241273837 
0.2460673656083001 0.604945960635045 0.8372279809225391 0.07590301490527172 
0.9078348140773074 0.5508681205717146 0.9620402167441215 0.8620577605051869 
0.2132171424749891 0.2095785579332844 0.9849108801465961 0.5999213239882961 
0.8945373184680319 0.7058297053018636 0.07146459196479639 0.8139891522651403 
0.8198887334532311 0.4169004862699981 0.2946179271432375 0.6135051223093704 
0.04934849452108309 0.04782617620660636 0.3841644319836437 0.1586304567940584 
0.8091023788033014 0.4166026855095578 0.1665261170688827 0.07961990304128058 
0.716392890269394 0.1836946711220671 0.8583735406720092 0.1735427073342052 
0.3439061592813941 0.1455812436570683 0.7877173293786059 0.01186110190501142 
0.01506545965304608 0.3501929949123492 0.7387751107721855 0.5122593547038008 
0.842855182194954 0.01478734598827624 0.8809491017377343 0.7870756491155051 
0.9674098259276135 0.2160073353100352 0.4997348549497394 0.8506970487552324 
0.7138199659383934 0.5771189427940661 0.4456674763942189 0.7087339099845833 
0.7852661891810068 0.690208898045222 0.05905098372360133 0.4694186331245245 
0.5925558482868496 0.1938139501897493 0.548286992940808 0.1344131773160939 
0.4868699660213562 0.008267444634110718 0.5671038703947069 0.6434416282039805 
0.334078709158328 0.7291198028212128 0.7887675242283754 0.962057775297665 
0.7725175722787344 0.8538342988157552 0.7962465974570978 0.702803728521333 
0.7047058464986932 0.2236867946129327 0.7282211367351265 0.7143863496807124 
0.7349072058295206 0.756219055879317 0.5746753011022195 0.4541902154148511 
0.1031109276495627 0.1294054548476248 0.5717318798569442 0.1889230231477082 
0.06231011872690829 0.1317821298320247 0.2989327681933125 0.48200506749424 
0.3760976057548028 0.5984872487712117 0.1343484861231209 0.7210832279997544 
0.8666743214711855 0.6759510875579704 0.5397893699215612 0.961951816697588 
0.1870289545623183 0.5827606932444833 0.1840757563404659 0.723751630932769 
0.218842803379369 0.1809121673759373 0.6465880478696449 0.9003713758148477 
0.07973424995135903 0.5580002521183325 0.3522811726922851 0.004687787998687703 
0.6518161984076286 0.3499518447512972 0.2661177574344098 0.292083439116663 
0.9430744868899918 0.3463310501963925 0.6409529371449512 0.1286062340753547 
0.9714429242695828 0.8506667749497374 0.1240244794208485 0.7152250764453175 
0.8443715624439203 0.4271696553593221 0.8928102956839901 0.2551592661559116 
0.7127925725834487 0.8344327552997828 0.4332507404299709 0.9195180180716516 
0.3040595000371045 0.6077328540850767 0.5041324614793229 0.1863158289047278 
0.8213573700480618 0.9330299290335965 0.8834252987193545 0.07785973386527754 
0.8211191778410407 0.00813168041409971 0.9685035832162134 0.6130306522246546 
0.5197634731263132 0.9154638573508583 0.5395168692198464 0.2814336786099956 
0.1283034659009072 0.02771491095122561 0.9800835890144227 0.9653574634676366 
0.1377371865479652 0.1362840715576979 0.08515300602645738 0.7892812896620724 
0.1676607706189615 0.2328017860214353 0.4675793719995214 0.8669349396359168 
0.7981356399903553 0.3891341138997784 0.1971689139762399 0.3958891866082391 
0.8551078803666428 0.1259275800901811 0.5209834876689338 0.6978079872950996 
0.5791588680274985 0.261784363697299 0.9735603199194484 0.156957927027203 
0.6519033304408323 0.2271704180295784 0.09919489471236051 0.6996281131211914 
0.4978395316701251 0.2080687004474732 0.7826002913387302 0.1235935374385243 
0.948512530316184 0.8482439556863489 0.2508161544243049 0.4274602529940056 
0.6808203291200359 0.1475911352574648 0.07364140645030348 0.00922158062904666 
0.266834584992544 0.8447454373966324 0.3333878472053007 0.3466134289160694 
0.1386874029978737 0.9761471888023607 0.3283037824679166 0.009512925936839608 
0.8927299099456568 0.3085317747968498 0.4756617072497486 0.2950316018199964 
0.07961075568813257 0.8420634014444056 0.978897370956698 0.02399612367342176 
0.6624348802497668 0.04911501993900851 0.902040355908813 0.0459218096009358 
0.4861491265736369 0.557052262511865 0.4214959661623792 0.4887139043906713 
0.5750659619988555 0.5816161636930027 0.9207720321932972 0.8985965252377555 
0.9135848410690919 0.5642799396174041 0.8296260864905241 0.5524701440185232 
0.7001163802635988 0.3265090472195709 0.8945950895998668 0.7002277356337927 
0.4783039283186747 0.6775503052404598 0.8121437808634672 0.8085525842649831 
0.7617249523834537 0.1159953953172786 0.8116742851821742 0.5853082354842057 
0.6460077048930402 0.06785996449941445 0.9795648610750632 0.8607129135703105 
0.9293107744430824 0.8523026370134288 0.7802185779481066 0.846725936771846 
0.0526061199605935 0.6448653745349069 0.8745229879026896 0.08967560365667607 
0.4126065946332678 0.7199305611285786 0.05870685967859395 0.544161541554982 
0.8201156479024757 0.371811396896793 0.6909894265996629 0.4821469720984188 
0.5343903059877305 0.3963135205841554 0.6222326203015843 0.2210730627714338 
0.8784703695689681 0.9758147937270869 0.3459154042185676 0.1073836411086219 
0.6280388012956044 0.4243135405579181 0.7030948013504267 0.501029669694757 
0.4667415600843549 0.109155824353816 0.5021619980922547 0.8173254282702467 
0.7582555219034488 0.8980216392339602 0.6980793872167711 0.8661483654081539 
0.1918412839225794 0.4723605860036189 0.4493954561749886 0.5839512894121867 
0.3041488566527797 0.8281903485687119 0.624062211023333 0.9872686379915748 
0.1147190742047178 0.4374221504220686 0.6195623071089525 0.6508881080468074 
0.4690070178658354 0.03970624382083224 0.1637296734905378 0.7521042159078217 
0.7319021431601445 0.7956283853996756 0.6054270447581178 0.002936261708528901 
0.7923143815279571 0.9270308594245088 0.3532876827203074 0.2765495954976335 
0.08051715077822315 0.2894713275883894 0.5416377176704852 0.2986601540140517 
0.5994960564796562 0.9410106557716962 0.3609790099734231 0.2442897252099019 
0.5195276232910098 0.3550124960384051 0.8266522873095085 0.4195935601467575 
0.07197985687300525 0.4118999254514036 0.5627199093406478 0.4698767308220122 
0.0600370863582777 0.4457868129379207 0.3011351086758221 0.4821935065396939 
0.6714371358613209 0.5226794018338952 0.1975949250494484 0.1688854932454226 
0.8325858750716372 0.6314784058498299 0.8921482931681721 0.3992098838493831 
0.8636047784147194 0.421354268723477 0.9008369079968049 0.4501106525312247 
0.07238352526272998 0.06442327004497372 0.3843614960934157 0.8312704047386376 
0.7194950113285075 0.2075355703513422 0.03846980232773439 0.2691666512474591 
0.8262153842867074 0.4610435108539871 0.2785440147268777 0.2334326135533381 
0.774730370883412 0.395256640255842 0.7482559984477944 0.791151240684897 
0.7114951530180903 0.3736159758350071 0.861614092501424 0.1248639872191012 
0.672935470725185 0.03524345948279664 0.5182677545207607 0.2668096519987436 
0.09753214909712798 0.3925575470349769 0.2677307438173628 0.1242393302599684 
0.2305492155055643 0.05057727192736377 0.2999474210903351 0.5836456371146349 
0.983653354248118 0.3988476987596624 0.4010541927194595 0.6252061594788778 
0.2625708624448224 0.8295469239422353 0.5968262464325848 0.1770101238360733 
0.8627022088694386 0.601452803720477 0.3891365459771837 0.06300700680262816 
0.2325308590677039 0.8138321912438056 0.9706870687646806 0.7311386035162032 
0.4657746014343551 0.381399921641118 0.3875467657952267 0.02538015173398286 
0.503392234497725 0.1391776672107044 0.5384910018931117 0.4996863735250239 
0.4181889513668404 0.446638813976493 0.2037523519826795 0.06281158855335245 
0.5920275800890274 0.09236665631496148 0.08475270534042988 0.3517516357307345 
0.5608658618341991 0.4223859322523473 0.07940490932873767 0.1217621506333674 
0.1114122835861231 0.9450760831904444 0.03685224393205836 0.7780612600408426 
0.124865280951427 0.2956162755761395 0.3477884510084561 0.2722942408885268 
0.3674540115822024 0.3302472132319158 0.09162585297468027 0.9639135397248838 
0.7266291975455761 0.05839837653604603 0.4244372209538811 0.4288311108298775 
0.9116014372439554 0.159819263218946 0.2950747598686268 0.2206023465044655 
0.1509944572416484 0.7314375243075618 0.8569653928363392 0.9447931441122379 
0.5957679361175143 0.2535629655309634 0.6442200114804667 0.5750409411674902 
0.6544233692368107 0.05315225355564405 0.6073817954348819 0.4398118026532457 
0.7599782251720187 0.465387729835303 0.7885755751930449 0.6109029443266981 
0.08790769842557247 0.9261447061281514 0.6211696510862496 0.4718941818660712 
0.2409662554413001 0.8707908262019064 0.9582294844058935 0.9182313989871693 
0.01069320126337461 0.8056002697640382 0.9488955955195434 0.8118249918010452 
0.2234296504190906 0.07535019684811735 0.8634745308382494 0.2579416667813794 
0.01889254785539574 0.6607773818968607 0.4912263501358016 0.07471352287096383 
0.3822625496814827 0.4710004225313932 0.5391931157035629 0.6447285896788405 
0.7307807011045326 0.6622078961811679 0.7972327706176107 0.7060565656086016 
0.9341868951377554 0.4562802279631653 0.2220612561809688 0.7948465768155685 
0.2224382973411508 0.878012409403464 0.1789754659515587 0.7148981606456998 
0.03255646367427445 0.8784167969505201 0.300689492495634 0.77197512194647 
0.1746953407374098 0.2320755537296089 0.8667406618648276 0.3652992833432113 
0.3860529258881203 0.9283816473759416 0.6801455301835648 0.3069757795057258 
0.08911623253942119 0.1313965288320783 0.2340807824208292 0.2988389824651414 
0.7931882329544114 0.5707605049032731 0.6311885973236793 0.5122243164533516 
0.3693588574051036 0.9528403513105067 0.5647301536663839 0.7919971859940723 
0.8165534169235582 0.2479339366751352 0.8700290564828255 0.006932235615045613 
0.6588554770287012 0.6884312285070833 0.1595674919977551 0.06640866440295001 
0.3893256375322259 0.497384218986879 0.1834394149394489 0.5497279460450832 
0.6355691272103758 0.6911212465737948 0.5398761543412857 0.6063658971251508 
0.02004572690725109 0.4037499954444227 0.9843618267223413 0.541174252901184 
0.03964178382993064 0.4589656760567973 0.8480014560840606 0.3605211322643783 
0.5961029348649381 0.6359346448075779 0.177570018398673 0.8890493103879704 
0.8014297592247998 0.9336359380584934 0.521203127601169 0.8024569885627887 
0.9427632571581067 0.9910760524036154 0.7195753596894895 0.9796990065943146 
0.1520663334525382 0.08173187715680551 0.7935649494598543 0.9511272542907754 
0.3776313869174115 0.2477332622236487 0.408542924270365 0.4830612153520602 
0.9439383668431164 0.2593662744161897 0.612098172737049 0.4167679842690392 
0.6211856302509797 0.2321232022831409 0.868219318094691 0.9996955804291271 
0.8696278746276613 0.4223639328007779 0.5290740081637675 0.7684936252867551 
0.8723835473878193 0.3255495105914044 0.04076427465695116 0.3291356397563758 
0.7715649449986974 0.6159617404731275 0.5996480889717876 0.3244417783845555 
0.3409917705288807 0.4374816867446681 0.3660278803392178 0.4941645599142274 
0.7621331404254686 0.7862712919722342 0.1108083618807747 0.9344181381900866 
0.5794998618195429 0.5724672474235788 0.7195285654009101 0.6189219056643462 
0.5759061171682286 0.1930396206257316 0.4899887728578071 0.67813986336085 
0.732427103491026 0.2970414770567874 0.5634451016380526 0.2239930113818837 
0.6156230610544686 0.5162934472169466 0.7433592628202854 0.0002363172692219525 
0.6127807697279706 0.54089576994966 0.3390970261736922 0.8336175002414715 
0.03543524448695033 0.5140158167914783 0.5392386618808791 0.1945317091251478 
0.3985351401841997 0.8285782987638927 0.9076822633519307 0.8217465494830141 
0.6778458790400512 0.2627531088970767 0.6892328595521132 0.4025434990565362 
0.652676896166702 0.1393965563384623 0.5536904266601343 0.9558936485024002 
0.6441636528660835 0.9829469648111995 0.8948684759690715 0.5797960445492458 
0.1132997877170948 0.4469982435363977 0.9724486034966792 0.7082538147569813 
0.5032502494008969 0.3667329781589199 0.3506613134137217 0.4110689322566398 
0.7010031673158845 0.3288842118054348 0.5528859867680671 0.971143285233524 
0.02330909132795812 0.7007906197217445 0.6538801562962374 0.9444574106162609 
0.3343179607249102 0.7167585617257414 0.3849740649606169 0.9117835397242157 
0.4321883273298027 0.792252182063458 0.338557352793021 0.05684143549083743 
0.3952988748603395 0.1141946017758698 0.8952774137358491 0.3435720643536778 
0.5606472681429513 0.6375994520342348 0.2189557029248207 0.2808540111120447 
0.6990416392288701 0.5689098388847887 0.3006907980769745 0.5776989092048112 
0.3304998220126398 0.7113090459403959 0.2064049900728578 0.9926724590824115 
0.9399331914224119 0.2525268954505612 0.003461018968375593 0.9332678314627484 
0.19819708003935 0.4688453985048971 0.3782189890345025 0.2257937383169669 
0.739677102427988 0.03958581227205802 0.9675130668625035 0.3386281484512548 
0.5148735922383225 0.6111965679604683 0.8613859038776811 0.2359784111886451 
0.4335176033792804 0.7061724940065857 0.07324216066736686 0.2804721385982688 
0.8525356046121215 0.04806774926315471 0.6690374721851367 0.4475851007939288 
0.3617230943012822 0.6620289561338141 0.9202360767897529 0.4241931058312681 
0.7356788112791943 0.9471885728355649 0.05142689915517737 0.02581749194801636 
0.5641358637149019 0.2035603287749957 0.6448089017853271 0.8209302511597381 
0.7824680283472377 0.1654067922255735 0.970131633075899 0.4828694516568557 
0.191239155209462 0.6116862072675848 0.4590821245456925 0.8734371132181823 
0.5045815511694595 0.8427000217131811 0.3682412521237083 0.5859347655962933 
0.1888660976199719 0.4520941359085969 0.5585077062451919 0.3006436044896346 
0.8819494297123174 0.7075522621505508 0.7307407689126862 0.4678053119872357 
0.9885959196103155 0.3740056549595363 0.389818493272207 0.8193875538278675 
0.6423194912550337 0.1931965835784525 0.1912322178018891 0.1744239728767341 
0.4448605264403024 0.5605106179712243 0.3432697605123609 0.9621685654472609 
0.9784208626721197 0.2920619706922924 0.2558174975634096 0.7023419472341673 
0.8783810461206643 0.03426049194147449 0.8625593026131704 0.4604253700807955 
0.7293702873247324 0.9992876807445252 0.3312807889393378 0.9445052530859475 
0.8495425981664081 0.5090004723364614 0.7460675069925133 0.356242130762046 
0.5460261696611288 0.2709291864063028 0.2821966579170539 0.9319378969234126 
0.6952891360874335 0.6477906958205525 0.4892734180543237 0.04519787669784361 
0.4143791702190553 0.5630966696132946 0.1570119971893074 0.9088161784571451 
0.5637252126764601 0.9995439936359168 0.105495674364741 0.9664397698142877 
0.4996233817428774 0.3592549141869994 0.4952927116459132 0.54330695519182 
0.6123527940551724 0.3365202412497914 0.1781129461288506 0.4644455894991881 
0.3274251128166697 0.3647493031818468 0.1985020646794543 0.7205460573029953 
0.0693788590128937 0.6435143216649825 0.7459970932632282 0.6148023818531778 
0.2918830664058598 0.5166668865045482 0.04089716326062878 0.3072999789189455 
0.1076852789477124 0.5106339932106435 0.08080843073745492 0.1893529168296481 
0.887847767728642 0.7856576778960411 0.433701060135729 0.8405614620814074 
0.2892246925492314 0.5483956097627498 0.3030779200894908 0.8504119732192016 
0.08724418216027649 0.7544220120975625 0.7637612626677217 0.7860644310133849 
0.5564523919630836 0.5121483168629094 0.2450747221821222 0.4689445532114323 
0.4543104334109405 0.6233208711429592 0.5422908427458425 0.3334313874126371 
0.8068709944989078 0.4913222412005864 0.4892030783832286 0.9363948789668139 
0.4272561420071084 0.5832960381681713 0.6896185485662024 0.2132863662499615 
0.029533844368826 0.4362992328914916 0.4279659538132681 0.3360164156578736 
0.3777042101505966 0.4612518290066641 0.6390046007091905 0.8166368880879106 
0.270831164107421 0.06078763613108985 0.2049635115576489 0.7627118010919343 
0.7941007395965672 0.9178226985372534 0.05055631733670205 0.2211978663352434 
0.6189164941386758 0.1250234968659086 0.176092677927053 0.8446758302084784 
0.9092759299751232 0.9651426285405582 0.3759775206386642 0.8902421985969092 
0.0537400395717219 0.8918537824040687 0.4959584292539074 0.7710846432295055 
0.4416360128403748 0.5338520477229665 0.0009878631384236632 0.5840397684339892 
0.4908453987334093 0.2884520839270267 0.1617638475777405 0.7883476173899704 
0.4406290159039677 0.11393397074761 0.274898717883105 0.1745214904931719 
0.1034489409555732 0.5624430499597222 0.7066579318191796 0.1199591440699318 
0.7721135199632302 0.8226185031566998 0.8808399065451769 0.2323002572847523 
0.5080351756932582 0.8820770194323369 0.9974330168636046 0.5514756299534319 
0.9960021776011432 0.2849198259792529 0.9143873953288024 0.4037731001147463 
0.7875756609085606 0.428945499418588 0.421026044201716 0.1083335898720515 
0.6778296254558368 0.6348101689285839 0.1722921319141203 0.7108196012402173 
0.6607275855960597 0.08037075899709098 0.6222904864891053 0.6452537212552369 
0.05986815736872904 0.4014318080323173 0.2414325705915638 0.9337523763338179 
0.8590437287841155 0.4124727365291271 0.9496313204177839 0.6473357813015214 
0.9637606245466079 0.369527882648532 0.05014443951557068 0.7720812103891813 
0.1075004406616337 0.05674427084979512 0.9331116145197887 0.6353712905143361 
0.1024978115664506 0.7145153561597025 0.5752958008250061 0.7524523920365001 
0.2216527210457513 0.2147532251196571 0.1724814655518886 0.6564328298764763 
0.8460262145249224 0.990736429228102 0.678579841838763 0.680824100117723 
0.2075526768241571 0.7818566416888947 0.8760050523209508 0.3344010641929188 
0.02631225984242203 0.255323175249091 0.7504266133287537 0.3047963471082863 
0.4519853086234432 0.9252798113824663 0.4770236294516038 0.4546554585683226 
0.7667410120936284 0.8293201356686273 0.2177262132499718 0.1770707273004476 
0.8187535546361037 0.3192968133008988 0.1453946978268461 0.6955869029692761 
0.1981095784489667 0.1477504346902716 0.1585202997741486 0.474126369890117 
0.7925416764321476 0.1573880556996153 0.1371176991925546 0.5883293613750273 
0.6761746659402361 0.7192962676619532 0.9724999676603709 0.3332600885301489 
0.6501370314830009 0.7348480894045447 0.3645227463447593 0.5108218628106274 
0.2272165463930995 0.2243158228366641 0.6651066744065913 0.2620336388148151 
0.4604992041616985 0.3476078462678794 0.2808492654484474 0.5882892954570941 
0.2379453757414198 0.4556698796810489 0.1845171856716112 0.4132131253799685 
0.6922572598591603 0.3353455947522426 0.01833598099984404 0.01496495359208416 
0.544636569987247 0.2688781876404973 0.8320181530324426 0.5939375560546607 
0.3392092101671955 0.3962467507632654 0.7697776327863846 0.452780565949546 
0.9214957103743298 0.7268652391766429 0.8047881170638118 0.69354912909579 
0.2287005558571528 0.8226736805701839 0.518873697556465 0.8400046119673636 
0.2633506344715754 0.6289012576106321 0.5948270881995128 0.3540756965539314 
0.1766874676451156 0.7783890156088725 0.494451439987994 0.3448573348965668 
0.951596554309623 0.01395746075814517 0.1993150968451363 0.5311005878117215 
0.4603637252790812 0.9683157875070539 0.0531261446529351 0.2828266229896548 
0.01696783884936466 0.6136138045390663 0.3364254674346555 0.3617143839282823 
0.1594304139516918 0.3408867709419436 0.4512557889097503 0.102247962436385 
0.4458640839123021 0.3095920331466629 0.9455042071501784 0.2897509822409062 
0.0514124299774993 0.04139946443142039 0.9188769975772871 0.3875439589652787 
0.9840391600118193 0.6535468030687739 0.05148952127406175 0.1384634150226397 
0.2611076695295457 0.7171015085367148 0.8944071481808374 0.5811982410363101 
0.1057659886012075 0.2475612803879154 0.5930889067363986 0.5668472633545832 
0.02726588251220963 0.5470142761850977 0.5363778366746039 0.911250898761918 
0.04168849602364807 0.2378922070644242 0.707234163095261 0.8874906562783819 
0.3379640432796768 0.9740419295702213 0.6955264194015205 0.6298526221823783 
0.329120213377169 0.144602070051309 0.4973096412408026 0.9524350240590507 
0.9097389795456252 0.6062250274958498 0.9772941617213594 0.6745117525701056 
0.9069966267455379 0.1778444540872066 0.6198570576922202 0.2199288888761329 
0.8988510165637782 0.2892134686194249 0.2196766528422058 0.9097331336280338 
0.9507588358641199 0.8186906603214507 0.9285067567977967 0.1610577139316857 
0.07235534359529647 0.02036691458990427 0.1120965177276294 0.403651075453228 
0.4071722379040446 0.9067534566637918 0.7644806105926962 0.9306256122635463 
0.01608792949424637 0.2639222507403529 0.3667935570252173 0.9777222860555661 
0.4826372338436371 0.4713472732378473 0.2286802522306377 0.7664758628272914 
0.6000672745102285 0.8029509104088302 0.8709214786744573 0.6394425515908327 
0.2868413802079374 0.1475370301218223 0.5383500683462121 0.755270591530341 
0.2569294939591398 0.9670118831298722 0.1430223935203223 0.4282154965635619 
0.5068177414503635 0.1108195768434588 0.7804985258040542 0.7126394112952048 
0.6639774319862696 0.4443984916217589 0.2154372700633011 0.6980045925757918 
0.9388850679597822 0.667791437401321 0.7172503356664154 0.1064514352176846 
0.5396578076061502 0.03656680883375836 0.6565080078702012 0.1828153701452968 
0.3572411970989267 0.9838632663680948 0.01932777563165804 0.7969623506045973 
0.5666925453528771 0.4579526968221985 0.5059164584083198 0.3660785309032765 
0.3181260741684232 0.6717249752076798 0.4102398890790017 0.3455815197742536 
0.4031494246367185 0.1295388421963973 0.4379467239378048 0.6346809099021931 
0.3369501126640844 0.4349086931490204 0.8529488474827305 0.04342677346946689 
0.9937536615559419 0.9320776951960966 0.8542397971764265 0.6967989178417493 
0.6578485640867143 0.392794189707957 0.05067763436828224 0.7926533332269512 
0.3579949831849072 0.9776358548214293 0.1030729922593697 0.1234111747158655 
0.8196431192964868 0.006875547944537043 0.6525238973137762 0.2524557049731483 
0.1223352786093322 0.6914564550582376 0.5884433699794452 0.2065522907199231 
0.4703415919282798 0.5785892282786437 0.8491450422463643 0.04815395870531158 
0.7279274387191613 0.5558189867712492 0.4609170147171555 0.4415167122752289 
0.2366379275966918 0.3987806288129894 0.9926656070847681 0.1497913427104999 
0.9480171556507682 0.8491129994916043 0.1457292957764472 0.2528999267769162 
0.878221067049508 0.7230930125868763 0.01738239887440736 0.2882374551662539 
0.2493925767319845 0.4620968713000684 0.119716960805858 0.8497803381541006 
0.9061464940347184 0.1420522723560104 0.9802437678914179 0.3285936332753531 
0.06435204017896011 0.7559452896622842 0.4733785182998753 0.9102989195397796 
0.5413863757270194 0.4889526146933122 0.3441536377666662 0.2626107070429365 
0.5713150733253612 0.7994978435819957 0.4929930320550466 0.03649327231583101 
0.04544721460869146 0.8843857798421724 0.2721073548877098 0.1444287451245261 
0.598067381081191 0.7031235320075502 0.3301200066583288 0.9924151325226321 
0.1641658865767056 0.9710929636100092 0.169365856642908 0.2444653535844155 
0.8504470661154094 0.6777275348896991 0.1449424593772245 0.6327970952287666 
0.5353376700846594 0.8136062831439714 0.1791604707464824 0.5554344360309748 
0.1108786557612942 0.7354404335985264 0.1018305172501938 0.7877661032847124 
0.4733451900313116 0.4398944572189361 0.43289302037076 0.8393588126222464 
0.1355596933490759 0.7178514445905327 0.9889997594286759 0.4638799509748634 
0.6217522100383102 0.7966475883258869 0.09454312734922045 0.2118686181269998 
0.444588630011772 0.3697658623954029 0.6864677259199549 0.5932355272462724 
0.1747680362701946 0.3748743886313747 0.7307627212203778 0.355547057579791 
0.4595927357067477 0.495282015639991 0.4884866874212282 0.1489842854674502 
0.7036132047058743 0.9129697564143071 0.9647105032486094 0.7458071493535842 
0.745857763139014 0.5499958809857324 0.6371291393883078 0.7013476662952851 
0.5995596594190288 0.102970037643406 0.2592360840290537 0.01989094626352898 
0.9828807170811207 0.8180541463410472 0.5991532692401405 0.10287640251109 
0.6612288465397064 0.0975060741546236 0.2537546941705073 0.5226282931013859 
0.166901723222905 0.03183465728877764 0.1180250855888376 0.6238726775875235 
0.5544438337205122 0.08805515351554917 0.8920231630847385 0.2178991682223042 
0.5619456148727221 0.007826299344499694 0.6402816050581925 0.8092206684242639 
0.9263141156316597 0.889796280814243 0.7495835463433769 0.1894686762344277 
0.07008629763448954 0.9405204186491157 0.323539849886072 0.5911804515495813 
0.215979082740014 0.1355610570282759 0.380740829464402 0.2133964952412447 
0.603343238828959 0.2097984825648166 0.9109166367942961 0.3624835557549969 
0.2784415779867038 0.6972846943698799 0.04437863142838584 0.8628680470709844 
0.2087503933354267 0.883934079450722 0.333952929283405 0.8513035487231503 
0.2766070232887157 0.1908390386526008 0.00716773553936412 0.9034716494893409 
0.2859319493894154 0.2098205313992133 0.8177569128645666 0.8384133420495702 
0.329135297028239 0.6515560217346602 0.9096062414141277 0.2313470981114864 
0.6881925282292392 0.5864008386750922 0.791390385831675 0.4729704044028402 
0.1948219037393464 0.9450475702414506 0.9930218743558219 0.3203530665164855 
0.09750017027880661 0.1965709367289785 0.2728500332004278 0.1181370656026547 
0.296942577290701 0.8174814473995218 0.02079012940847933 0.4252405019562531 
0.9423943605919974 0.1611561611215123 0.153935656868587 0.4100092770965429 
0.6960914298690489 0.2854824134116175 0.2488137944788225 0.8032404017069402 
0.9309449737095657 0.7787731289597328 0.8420811891395672 0.331406854961777 
0.05674909407191578 0.7406605811111714 0.6569260155903798 0.4292261323357963 
0.1404880175658108 0.442884334460946 0.8444698264970963 0.04411020020820896 
0.8150259336653627 0.5687274071518471 0.02963956528540256 0.1857601769957525 
0.158985743668465 0.7536644611838342 0.7043919424589957 0.06577928226549584 
0.1285824019232162 0.3980389276699536 0.01070107433391922 0.3800294813831358 
0.8248565778442933 0.4736676134864716 0.4810011036256629 0.5895935567809129 
0.5666780912275045 0.4685615181662369 0.5252000817978567 0.9835817697501378 
0.5720729116710084 0.8744504245389899 0.7837458506557896 0.8099506714719703 
0.7972184685362846 0.5151703337037088 0.144887787547909 0.5367966684728496 
0.8353495973958206 0.9356774828656675 0.5174298905910191 0.374553889995674 
0.05226137702765262 0.8607439030223114 0.6095549712464329 0.2810054227440866 
0.8336067827590202 0.08522601971770701 0.9795644550603823 0.1547867194520592 
0.4235599442243762 0.02134377230529546 0.2360403993243628 0.002643941425041861 
0.5602645965905313 0.8753840869359782 0.07723993453411444 0.8172816265606108 
0.9700263377950317 0.1311161437044885 0.99186775460596 0.5234622260451026 
0.03527214800484869 0.2262835682571283 0.9817127567948084 0.6817569563016573 
0.693084216681862 0.27096626388091 0.261926572804594 0.608093034120912 
0.002674186999667353 0.1357073434226279 0.01604745499888182 0.0772558410953564 
0.7855367637747995 0.9930393693627676 0.3445082352637597 0.5848556431428941 
0.01996092448811386 0.1353778498079513 0.415113962014205 0.3288873320870674 
0.3856247743877133 0.1671563067733352 0.4001792932513229 0.3046019314633149 
0.9067317686904638 0.9970939612589507 0.210078274869599 0.790621336798231 
0.1745446752380662 0.6153372406114908 0.1719134842060059 0.9314191971271821 
0.5991056522878088 0.3674629456640064 0.2678544935840382 0.1039713824584845 
0.2262820813421027 0.7702198907488543 0.5867359967933434 0.5107664847612176 
0.3335526987731237 0.1646745855049827 0.08802067046354421 0.0709466784637222 
0.2091583128793366 0.9603621133110035 0.9552728059427256 0.1290178654503958 
0.4325551791861221 0.1481453862049446 0.1221964069650865 0.905926941211907 
0.2636414790280606 0.09725303731174215 0.3208675150460687 0.9186638521860906 
0.8122960917451333 0.4698498300351931 0.9411033892701528 0.01201954965323944 
0.3339039616054384 0.9335217159831445 0.8690896442601144 0.3806716997924924 
0.06101021525355536 0.8047124842333672 0.5265728886379371 0.5904538341739204 
0.5135129891569956 0.9486819213967113 0.9883274272190131 0.1065739809512487 
0.8515506413536422 0.1777585767554091 0.1338018203535092 0.07847488018931432 
0.0277327354416654 0.9270030704557296 0.4820214207310004 0.9986038889547825 
0.213194578889826 0.6795570570078159 0.6534249608333588 0.900110684038847 
0.241252704747362 0.6546810802224958 0.3783647550546256 0.7072775538727625 
0.8602286064092156 0.9061582605280348 0.03408290268725203 0.8411323070066228 
0.5465808691733967 0.5577560375439616 0.5772155389827569 0.7608656638941015 
0.3063012521697419 0.02927517493987291 0.2865498101780624 0.3206990178192753 
0.983607457519667 0.5521667187353945 0.6675334606916119 0.4679108185654141 
0.8986421111448926 0.9614815176522702 0.9032849207719881 0.2840497559248665 
0.2101241593847485 0.8452916198100847 0.1499301165795104 0.9071129707779607 
0.9945292529277989 0.5522881084241211 0.4611477358453884 0.5193727094993081 
0.2304797454188167 0.7406660229814155 0.7120200695439793 0.6587092266000508 
0.7079745524343605 0.0577072923974347 0.3966264085689315 0.1186704584700567 
0.01230584133117323 0.7166744417994516 0.4063626892552312 0.7083558812533056 
0.5304903776494052 0.8119082803602931 0.3981653880278861 0.8603421215769327 
0.4825569643364673 0.1396313076882005 0.08623506264714557 0.1960139044525382 
0.4350350632085896 0.4927642764128831 0.9188737079497595 0.3575060182451441 
0.9750075715220687 0.9391378391427151 0.7467339033658276 0.3729368246597555 
0.9021391432816601 0.8532830190411604 0.2783461323695567 0.6159820939372758 
0.3689409079168704 0.8720482028961308 0.8868543123813167 0.6339302659941053 
0.7541033299230088 0.08716592081429368 0.6327498113269233 0.8172990590079754 
0.9508690704436602 0.1864336778540385 0.1173804736715872 0.7883242169038345 
0.4904199549585858 0.7744301857880102 0.6649531023651231 0.9948816696604859 
0.7152945696674901 0.9562683261747824 0.1548185139332058 0.8606314467098927 
0.6263692619428184 0.9471822891942678 0.2574487957491591 0.6436577435807856 
0.6315702827238663 0.9761059984603426 0.5476340752273491 0.06232778219523928 
0.26393792258355 0.8159689577141592 0.06501348231603189 0.07821430872901981 
0.4689377881780767 0.4568795273672153 0.8063284772548558 0.9004186472308503 
0.07817619369011652 0.8047347756702584 0.3296157038565629 0.3110166469611608 
0.2761149991729031 0.2327492933097698 0.1928479323710181 0.856139219479343 
0.6090160250197446 0.3373795433799031 0.7024380002759002 0.06912614213783369 
0.6421536568503909 0.8696776859494705 0.4512961429825028 0.3981194669817598 
0.9602467517980133 0.02751273171842794 0.5524651369643035 0.8612891459359334 
0.6622981340877111 0.4323008669216162 0.499333668714618 0.8181293457505414 
0.2702380053162781 0.5217563340660022 0.8792973460888099 0.5828699480650723 
0.8271625628490488 0.2972939217083163 0.4019108703350378 0.9019598617881066 
0.1002252243049159 0.2978369019286424 0.9698265568570564 0.05411211505995963 
0.3109783344097171 0.7503683847317437 0.5319499844148605 0.6778148526496888 
0.5761063410427892 0.1871484585824016 0.255534063697492 0.3703475253130181 
0.4601060811588512 0.6526416166486497 0.2956269228644767 0.7963861476579414 
0.2109206892626215 0.9918055052926382 0.6331397812630906 0.2673425733796728 
0.01656020142792487 0.8588918961187688 0.1212806276713447 0.9059171672863284 
0.891514121826037 0.1635758165634518 0.6404656700967809 0.9776236061146149 
0.007855532160448767 0.2932481289073124 0.142802269437049 0.05349080947661676 
0.7825091955515908 0.9175350695715428 0.7773113604360093 0.3688243362590604 
0.2598750622283181 0.1839220690261016 0.7121178239369645 0.6763534691407983 
0.941574110110824 0.116195065834624 0.8490957434729716 0.6540692059191358 
0.2125566238593378 0.1816629815564468 0.4425601239708964 0.5585734007287048 
0.6158179547525831 0.4717068126035543 0.1225119232181572 0.3336937727587559 
0.7920092758879397 0.7324836835227572 0.332359980181247 0.7099803447681893 
0.8724639837754747 0.8020356113976629 0.6446557547850691 0.3193246890873939 
0.06690492384040823 0.0692834438235244 0.7411000808152904 0.2586588357890488 
0.2014179860979445 0.7790096965143116 0.2406430507138181 0.1897409612530017 
0.1161557983384938 0.2287331995130917 0.9026955344932551 0.8839986851069817 
0.9580190502582077 0.6218786400847418 0.6520559290506961 0.2846361905029934 
0.005062437065524946 0.8446033555467041 0.4740024082679325 0.4144166064984751 
0.9745129418527194 0.03499489755552648 0.07015244181299203 0.6754040014690741 
0.5859891826839037 0.6505214377137554 0.4004092470538863 0.3496994217092044 
0.8876149311232991 0.2137149773608316 0.7851093184555776 0.4740827669298439 
0.4650064559796547 0.1282195991186855 0.6346776835701106 0.02742045367778659 
0.755941886327843 0.649779686558402 0.4017721422854196 0.8804707977343958 
0.4180614686848502 0.2031556747870126 0.7317741195235263 0.5040229640838445 
0.2812197743004489 0.2296113929168714 0.2041175615228051 0.210092481895182 
0.5260522401746285 0.3910191623011915 0.8718189586782268 0.06421652238885302 
0.4209764400542593 0.8295289386398728 0.6957167206786484 0.7332891140204447 
0.7319622228479264 0.7529462301858779 0.5190204438066862 0.7642433099537671 
0.08247406308076966 0.1349365689158319 0.6774323888334088 0.4321606967636734 
0.1722298024517407 0.264831071043896 0.7732091094372709 0.01537642736171282 
0.1170340262738063 0.5768474124519449 0.09023866048721334 0.3735095344000175 
0.5393769759481835 0.06662200010109427 0.4134878899819985 0.3720570900298895 
0.536924871107758 0.9685517304244723 0.1804410737749901 0.143158446963674 
0.2249119240935557 0.0939853492166443 0.971276340159836 0.4424737481986596 
0.7665587033160211 0.246078028252939 0.06272876335676157 0.8632610267978238 
0.5407555969592294 0.9378465660592644 0.7416834432877371 0.6318913588089285 
0.1670702128961113 0.9745658304385756 0.7753843257068507 0.3939151868622522 
0.3213495603303882 0.1154688987308385 0.5910800749884023 0.5444855917198467 
0.8626899441839398 0.1641299052524166 0.3331573599401099 0.4076052254975326 
0.04922169696085327 0.9634568631093978 0.6799199524805329 0.7602457100960005 
0.02697466473282322 0.1810369640540994 0.7224985122639023 0.1035930244116447 
0.04745877733141739 0.3790219346049987 0.5768567752540344 0.8203458503611248 
0.7726833565524841 0.9200645834867496 0.3281986340890788 0.7657359022416778 
0.5764975608121949 0.2132791391150713 0.3706627372057331 0.213705830814155 
0.9877178073769711 0.9813908680168398 0.556963570105241 0.621495690383563 
0.2224860845698032 0.6117903948618049 0.2385606999541972 0.3072043323955772 
0.9901435513465149 0.5271927928360247 0.3490406489836934 0.1859324773889225 
0.7579393940743201 0.7426275153218975 0.859482562541774 0.5405444692621511 
0.3690197912627949 0.5341135027126237 0.3209052840755079 0.1839725009345755 
0.2093666413475615 0.943467595427208 0.3508784669817545 0.1881216348530512 
0.3749377093376815 0.2830793672742919 0.07305891303375971 0.5806535583278681 
0.5700494169939999 0.6126192424929503 0.9055058373916851 0.66566763721134 
0.9450068513506449 0.2486137980833849 0.8575769187137485 0.8018320863846479 
0.9460957531684242 0.6110863931023163 0.3741319706633349 0.8730847113623069 
0.7884205251652907 0.2594486638718071 0.8765478520574577 0.3385192735340202 
0.3743689204692958 0.07906659713876624 0.9393706579654928 0.1568692333777512 
0.1119229584324446 0.001410331257906887 0.2053490759468641 0.8611829462983764 
0.8313549687369564 0.08273850194140522 0.1403661592597212 0.2670620671848219 
0.1357812448408126 0.3220462656575415 0.4683863205790273 0.6952006515103701 
0.2595076173771695 0.4715555125070008 0.7453577252997793 0.1860021693157181 
0.2980444155885899 0.03454088768134853 0.9721887098464876 0.6232394539110847 
0.6980095400239616 0.6084630616692893 0.5844623222682103 0.8745312173379898 
0.401508132481258 0.8890231742780796 0.06168048489000771 0.9590479669572872 
0.5488049399543427 0.9481115965827752 0.3626203706982608 0.05494393331052961 
0.6369815767240014 0.143301155304572 0.9228296048129487 0.6890083354962848 
0.4165089399600046 0.03053301750314618 0.8402514314408217 0.5394727786444765 
0.5715165090916525 0.786933150036632 0.7989069714322813 0.2578602342981832 
0.9306263665560167 0.9929051491962073 0.3786223713189165 0.4573432191492753 
0.1248658473405362 0.1375116384912518 0.1413551590416214 0.9879585174383093 
0.4079848392659786 0.829842645608371 0.6141707616673578 0.551372584069443 
0.4130960329228325 0.9075048497795167 0.6892040298777443 0.1140380213557708 
0.8931960252260953 0.8715658675401052 0.8001340919844534 0.5492412843729083 
0.1123101546783401 0.7129042501952723 0.3017025494115621 0.8406637829957674 
0.8189587014392342 0.6935550614804994 0.2577318303027658 0.4417219746651703 
0.2405329712362526 0.07048854671138559 0.2285352108898219 0.1056774782207651 
0.8151716914539899 0.9591050921107112 0.5016339423675183 0.00768410373218978 
0.3930849201688976 0.5513879459994616 0.2764096429010132 0.3726966540210678 
0.5599936426837955 0.9620094653219017 0.2738442233297202 0.8731109973781994 
0.458431762846973 0.3217404276697194 0.259228760251247 0.2325019987633476 
0.5704793806570326 0.4504613144447412 0.2074292391434801 0.9393056796400066 
0.8722421553432286 0.8511479031603369 0.4696014318370498 0.6475608982410573 
0.2310698800761405 0.3723190113559193 0.9540604588581283 0.9288730896071149 
0.5063737512000811 0.1170988930203798 0.4317516353229902 0.9971688176471896 
0.1164185681605849 0.3916569381439985 0.1601496220553547 0.7212981484662669 
0.2360182751262322 0.3142976058713491 0.03032927972626401 0.7577991213504139 
0.1526937532175724 0.3181414955650784 0.8300943525943136 0.1943026997981179 
0.6509484515098894 0.4053814519305871 0.8730232851117047 0.9091831144436049 
0.96051678112548 0.0111485316912705 0.5949509319750546 0.1287790997209182 
0.3070482318472939 0.08478770568078434 0.09190697257335366 0.2886020778899907 
0.6257125458923516 0.770253520458798 0.4857232098220209 0.2242568050490617 
0.6343148841546855 0.4996215251355948 0.7530477715939122 0.1945376102842022 
0.181673717552585 0.6327020054651092 0.0202916598218176 0.06919873323652058 
0.7842843098344442 0.5148006864739085 0.04002521115085537 0.371537452630187 
0.6060039278707551 0.9272647786139537 0.7196092706956664 0.9843640612289997 
0.8095320516964991 0.8607745632685664 0.5511552111775115 0.16992202897359 
0.8961581631674521 0.7874185634177663 0.9754906280775281 0.9813147151838465 
0.1944206518825504 0.8941146691753578 0.596951601785589 0.678373903035341 
0.3493191899757507 0.4840020309748503 0.4530301944534212 0.324838495425726 
0.9361972111973653 0.7422800463243869 0.937263794033468 0.5150826067497184 
0.5874884669007411 0.1978101294051603 0.5446966281732967 0.33042252598206 
0.3007337033397066 0.365801050066267 0.6764701134926 0.9663091124384842 
0.3563863293786411 0.6504259616737272 0.6659334803747164 0.7698599936503872 
0.8362696127908933 0.6228815197561612 0.2101268525176155 0.1356146324478196 
0.04332221862256139 0.6718421869339893 0.01295763296136002 0.9359796610359352 
0.2065344370096298 0.09557130368114768 0.7218085044861569 0.1248134825970923 
0.1036088716261117 0.880346189018415 0.6477746971551454 0.929179818214833 
0.543645722181554 0.6154113393180173 0.6023735316200097 0.08567532942097551 
0.167242071159939 0.3491923167215515 0.1019417647657543 0.5435984947962156 
0.6063444970761257 0.8320483433878945 0.6514633955988456 0.1417300477281076 
0.5794020148272164 0.08122206274948769 0.7990287790484173 0.8962945822109424 
0.3068781147952155 0.3373658776299872 0.4819445286744293 0.9766327309484973 
0.678371629207368 0.8933069358963102 0.6282527793376589 0.7012399744107933 
0.1477976413138514 0.4942149711300439 0.7485203891714316 0.5078921226895426 
0.4465145762471803 0.4986959657273829 0.1507393664793719 0.2421205869101269 
0.002181297250144097 0.6994322194033996 0.3019502768998943 0.1056493793269658 
0.6943484527738448 0.3458485102626773 0.01104858468626735 0.40318042788814 
0.4397221099224587 0.08506685259270491 0.3061222626185095 0.5013347361470913 
0.4494151540966776 0.928988833851231 0.8461392191242982 0.2238785410514035 
0.7659713170926887 0.2598705215871894 0.3761203001635286 0.1943834578620774 
0.2930583641427358 0.6161673857531261 0.3056424179589417 0.5369292840564706 
0.4504963750488748 0.7065900615562738 0.7912664103620763 0.6177076807996461 
0.7817040340920403 0.983791630346899 0.5386307629938407 0.5585795193952785 
0.8270330473812065 0.5067008196721757 0.7414336702974453 0.160642162160622 
0.778205031930281 0.4073820318745899 0.7439908593761654 0.9868472516284077 
0.7179184175410107 0.1002440909574946 0.7912767657418464 0.3957429062653343 
0.7837260906564446 0.4472486282992933 0.3475680039453307 0.7963761412546183 
0.8069005712892597 0.2870318774688608 0.1887359985694757 0.2251792084926797 
0.8805309534699256 0.5418283560040126 0.808050367955479 0.7440149464988424 
0.860935049099528 0.3012571474837298 0.7880711943628246 0.6475473927637386 
0.1311072590192916 0.4648546358503461 0.0758857684028795 0.0001291701703325453 
0.4075788605119551 0.4158950348690411 0.03813564520361853 0.7815075284027545 
0.5987584985135184 0.8324357599056464 0.5836910770636492 0.8653872445218941 
0.7607583008469265 0.1897908323257867 0.8784658219018937 0.8269362477617983 
0.2998784373933278 0.3179595655421834 0.3734055366771008 0.6451180895456772 
0.4517193925726918 0.6445849570976071 0.5894770752203211 0.6132652207093106 
0.08228082900490193 0.2091192225688935 0.2488740429191607 0.8466333342392385 
0.1023305743540071 0.8197695918942135 0.4483216747604365 0.1409930332679279 
0.4747688183154439 0.7060361878134418 0.03924255585536408 0.885882022650004 
0.19481192134363 0.5358289885728259 0.3847472184847703 0.4100037278088247 
0.4681750130344154 0.567176401710266 0.08825584271115403 0.4136177239408371 
0.7379141938572985 0.1805769348003636 0.4282687816172773 0.5831028554059554 
0.3332447289197992 0.246052003695711 0.9008391775187776 0.4747444890297056 
0.8886545932739056 0.1537548599213311 0.3067958115456011 0.6091294008071223 
0.588309043913226 0.3892939630456382 0.6664050759373131 0.875027165363982 
0.8053772712106717 0.1177912892891132 0.1983046158569396 0.9094022905848616 
0.3026123693500029 0.04376471356043514 0.4309914319435572 0.4525807310282438 
0.473727429003902 0.7058473961005651 0.2975185103646819 0.4602620795670104 
0.4679602193589305 0.3140783966560362 0.5710908883073004 0.0411537117018862 
0.9613348635813957 0.5899787095468275 0.2202772885135978 0.5196471722466133 
0.1704460794915037 0.389357992864884 0.7787680608245056 0.8639394440222822 
0.5934270079052882 0.6034865330159488 0.03987257962617614 0.2163153873737846 
0.1896392847251452 0.8391672169614471 0.4060120324809142 0.6754843516254831 
0.9967160975497127 0.5321150367827054 0.1897580852500678 0.07175790047854097 
0.988016507374654 0.3264041191511588 0.816546203615602 0.0144576407942193 
0.415041802166069 0.7727772298256744 0.5516876415950916 0.8535964084373543 
0.05596955573236287 0.1692271844461506 0.9065862208234823 0.2273506841684004 
0.4181913523025099 0.3811450565936333 0.175274725900011 0.3946060307487583 
0.5710383833896255 0.2560638567648639 0.8335743467115163 0.8148009226011148 
0.04794561111467206 0.2593552502118565 0.5588676239922931 0.01383052700731704 
0.04411010962852249 0.4176728795717663 0.9320439258325406 0.8975902104824806 
0.35598908630643 0.1645793153191138 0.06455976966269525 0.7355750132515936 
0.4189836596928052 0.5218386153397427 0.7853776540293829 0.7085888326346627 
0.7006492312731745 0.4383869743388824 0.6430783298989232 0.3295598774759185 
0.06855315036081494 0.681122194753655 0.9576184213243488 0.2859740860776911 
0.6477073370785198 0.5594046739526263 0.4971606834402504 0.2193078367423103 
0.4930287669187077 0.06074420530901466 0.45608275941174 0.1829866199040411 
0.8911286435794177 0.7313245753444018 0.2912620288540393 0.2664652667708898 
0.7193488494375152 0.2466611945437729 0.5176109346175706 0.7975556187067759 
0.7833754604460198 0.2538237820540573 0.7018900808530892 0.1021583706572423 
0.8680343859422164 0.3097998181005531 0.06323426275479602 0.5233065541854816 
0.5898314161301275 0.7288682621613585 0.6807102755786349 0.7302741291257634 
0.1903646783603344 0.5539514838414452 0.9134839732240305 0.4099837626719571 
0.5444905784252051 0.4367647497278381 0.9031397352346484 0.7487975759219925 
0.1935427333412907 0.140967376794655 0.5166608838511109 0.3536342689497086 
0.2254644243018024 0.9077850542450671 0.7845776656686573 0.003554861104380968 
0.6857541989739523 0.5205667368512193 0.08203338224312492 0.006737280037886779 
0.2882384558897089 0.8887724745986155 0.2468168400663243 0.05235324186833086 
0.1935987098203512 0.3487456256081711 0.3160586217349377 0.8011005671107519 
0.862468233822647 0.09565395435145238 0.7865044167228116 0.108582186836673 
0.1776072418284372 0.5071021188560928 0.5445517481892753 0.05967886069710507 
0.07809243381304798 0.1959947920591616 0.8389671338364991 0.5384562197485006 
0.6684367015801411 0.7933857240824664 0.2604068288887137 0.8491839021382548 
0.9775399013297404 0.4285407107444703 0.1328628123471504 0.4203881083963584 
0.4421862564038868 0.4664635997494987 0.6909027965325539 0.05644307056314907 
0.3366826078997837 0.7875622441347082 0.410231218348567 0.5028844501067352 
0.781791344188234 0.1984016710738273 0.6377327415122876 0.5470294214628106 
0.05171532738788796 0.6020492759258731 0.8808798024953701 0.7693998420941081 
0.5991025366847125 0.4499231517589833 0.8881247402230926 0.5614659208262541 
0.3405718495160083 0.03079109611090295 0.9410677430039589 0.9697902343310978 
0.3859872401701662 0.602974314259589 0.4794514680714782 0.7937511425291282 
0.9566307206311423 0.9092065148395336 0.4512724139476568 0.2371079922277745 
0.2781991841278327 0.2281071473937741 0.9711033472682629 0.2343647578163541 
0.1394541896228261 0.8220685689271483 0.1532368284263333 0.3685426227217241 
0.1977429456504502 0.1690991187071533 0.3473010381952477 0.7289336398679904 
0.9398022738469322 0.8085749081423568 0.6276224273134393 0.7319808793856442 
0.2539636317653127 0.8413184345652021 0.7290228925796396 0.8298946442938739 
0.8490036953604053 0.2609412421025182 0.4996579945279351 0.0666450034171106 
0.2284407268086638 0.07449234840942542 0.8070743289826492 0.5479226319915399 
0.8530506299395167 0.6220957581771861 0.07199264009387851 0.9973723509588071 
0.6776011111528165 0.4052833784894886 0.3644083627293818 0.9570726549412472 
0.2864858957149623 0.4263229286208107 0.4702979644378136 0.7949235596220972 
0.9496213329341799 0.658193786433484 0.5914110403879951 0.6103284346223503 
0.5849201475791558 0.7812274264268776 0.2807622364886321 0.1649403165621119 
0.03067732477273569 0.7045686455200588 0.07647888870795598 0.6086403632350205 
0.7857115358596568 0.1705812624290162 0.5593690699244567 0.3640864480524107 
0.9929223931724886 0.4818724163295359 0.9656626883307921 0.08343828398931308 
0.3836325850252791 0.2621138241545765 0.9254617928703103 0.07775971631004178 
0.5921475318089766 0.8160704659493581 0.04288895368233987 0.9982777977016813 
0.4669080930590647 0.9494461767241223 0.5851313060626404 0.9609074484233151 
0.3967626526959381 0.6755271425282185 0.6862854750291506 0.4547575947772804 
0.8394143551493412 0.2203688757488492 0.9787591740982614 0.6733772515597798 
0.8428914000808327 0.316452168402601 0.4245946973601973 0.4883484033464858 
0.1395127118392301 0.5969341485827055 0.5849410642723992 0.5410006469187951 
0.7035240390329212 0.02150419643694087 0.07665840570082554 0.4965126119857945 
0.6479640042033201 0.1203309606229064 0.7202283164433665 0.05764646688442054 
0.6890913060147121 0.04364129430888913 0.4444576971425834 0.7137821361265843 
0.0581070456772169 0.4238726185125666 0.6633270875537329 0.9902639197487829 
0.2330431521844203 0.0263489045332276 0.6849850923809661 0.7867561829978206 
0.5008279497758701 0.7996846113418252 0.202940294736115 0.93308533945419 
0.6895744275643662 0.4072543838888474 0.3435881154006872 0.4756600504205631 
0.2096694479071337 0.06399347878450268 0.9180816043848824 0.8019763272864113 
0.9368410497094798 0.008102945009380734 0.3871931762745858 0.7011840373973123 
0.7723898814336156 0.750198812705325 0.708837284641864 0.1719296750484669 
0.7326461561246229 0.4187302226577912 0.4306966862618059 0.3044059086066186 
0.3251606280919136 0.2945043946479836 0.7492511477825644 0.132132036521782 
0.4621044575895195 0.1227640644306505 0.9342229124924532 0.8276484621574454 
0.979688164498477 0.6670528758487653 0.1983596723213142 0.9306833131091473 
0.7125414903573859 0.8486016472450264 0.01991613408169378 0.5691618366751845 
0.8543373246878753 0.07620504331115005 0.4618686224603884 0.2401852686908396 
0.2969175324306245 0.02319289077792305 0.6439573616292686 0.986952475665248 
0.1364153865211766 0.3617171331647855 0.6430704000730638 0.1578000811634566 
0.1326769726482962 0.5646674904407262 0.7198185203166875 0.3134580573088444 
0.4096639795521642 0.3335860063754144 0.773635154911591 0.7616021578802041 
0.3925101393713247 0.2749563417782001 0.5882887415646341 0.8478921729371264 
0.7431267283307397 0.6293708796184165 0.8489660807119445 0.2300882859298114 
0.2647630349920906 0.9092288872384068 0.7882169227680742 0.1987320362852763 
0.9381417876142658 0.5140602393036174 0.7898950340616433 0.006608440124505524 
0.03860736048410742 0.4625067904651283 0.7983734684788543 0.6597504605662087 
0.9340552190995631 0.4332858415044696 0.08867036190293388 0.9510853081957689 
0.5084921020485568 0.5902599115249196 0.04929752492221373 0.04025719692663953 
0.5836567317992801 0.439538955270562 0.9265622655678277 0.2413434160326519 
0.5464248893262487 0.5514804687441219 0.0614022043368459 0.7650379216928512 
0.03878463580719158 0.5395241776559014 0.485816360250526 0.7171858616310239 
0.9278615423000992 0.3039463241397467 0.2489526171171449 0.5040879801835274 
0.6168353918038544 0.7553610453540301 0.9327869751727302 0.8186097669531682 
0.2961842056601348 0.302085139366702 0.5654795006440945 0.6018163955444038 
0.8445842801237289 0.6642527313780628 0.5487242157289647 0.1564622680451887 
0.8059172022553296 0.5067061628572846 0.09921286140572229 0.7286143496159964 
0.07837337190774767 0.8757848284280678 0.1303799904552226 0.5455608656415954 
0.9145071013048265 0.3322918373698822 0.3037463179609489 0.1173868310105971 
0.522200656469253 0.4254559050602135 0.01896681189275888 0.9392325866208645 
0.7225325098410044 0.7339964973842426 0.7447154719707657 0.3575063923051905 
0.3660227283477765 0.9965202173567411 0.8253279952418938 0.7724470974430852 
0.04079096746074973 0.01132323421432151 0.7823619096199034 0.5392697886544917 
0.7235117230875887 0.233011304559166 0.7133574576756878 0.9161445146043191 
0.5068577764406377 0.8279109307583304 0.2439305339075284 0.7425658037291646 
0.1018325445856268 0.7534415401509137 0.1510116160624924 0.04836988086304279 
0.2355765046386231 0.4554947732095533 0.2416151687672151 0.002687513735999969 
0.8566225189082451 0.6433929773271525 0.8910541556886653 0.07638439979691132 
0.3949963856727436 0.6748768050271295 0.9555105724313212 0.7038010999960077 
0.319028093316916 0.4160506358123833 0.9975883286614485 0.4712408391572245 
0.04890253518115564 0.08603087794829607 0.2463711774895458 0.69556986124181 
0.156598341854872 0.6961127463588418 0.4190337162615272 0.5123518974196528 
0.8867899614317838 0.4536284295019534 0.3118509261903878 0.9626516292941892 
0.2102303861460418 0.3348904251649334 0.4520641066953276 0.4354409736398722 
0.2059098669647147 0.01432986532004944 0.5119755283549843 0.8742846164755746 
0.5357169581792554 0.6450294027093698 0.4879215333125052 0.9129772389475895 
0.1075726913821259 0.3010605299745288 0.08447744734373122 0.8951624577632443 
0.969673531556781 0.7221935448735215 0.3663575402169424 0.5212040131711435 
0.08268781066794394 0.6007811080779561 0.5244087902071255 0.3633318809630822 
0.7218460776295665 0.2719235656999285 0.2189953554630813 0.9949117783308117 
0.5241951086083803 0.2514747798855726 0.124735117230428 0.04518537280732551 
0.4305412435752403 0.08290147374771731 0.5698661421793493 0.3283548893975165 
0.5986331021427431 0.987364217480627 0.4654721374216861 0.8876501551305145 
0.8885843871289371 0.1208441933614164 0.7879595697672045 0.3013397471907913 
0.02208848835366025 0.1717248688617279 0.4444782926681537 0.6464150008582084 
0.6722586220902116 0.9590536293645816 0.184299654137481 0.2847701376567111 
0.6493049380277199 0.5496716964631931 0.9109181906171275 0.09051162354230315 
0.1999742245390694 0.930586463554665 0.8190858692092063 0.6775787208671736 
0.3653252416750174 0.432849960726879 0.641248546902832 0.3115975994413923 
0.87736191036941 0.3247359914565073 0.009180792065551519 0.1044758901213271 
0.5197902104285888 0.3982776831653196 0.1072801027747866 0.6358825802300277 
0.01577971515630483 0.08316170811593097 0.939999414870218 0.8077346398130467 
0.5558163615932686 0.02582250347093059 0.913822141399685 0.411061341389874 
0.9616592330111696 0.1388241470176196 0.6664100732266203 0.589380242819154 
0.01578857104521275 0.5679812511415243 0.6709754720388379 0.7705869668618329 
0.485567422739695 0.6676550933980365 0.4048942248411891 0.1821404918008435 
0.6076480963837244 0.3697306550553941 0.4628981486193288 0.1373270358621937 
0.05348968830373142 0.6817419934752568 0.1890051056585189 0.2565537076730785 
0.3671620473563638 0.7576148961604304 0.2293154742766745 0.6250746454883069 
0.1836456980994867 0.5595860713060379 0.9454446927293729 0.892515251409066 
0.2117332223663662 0.6744776880474895 0.7509064623578703 0.4644629081094388 
0.5318510482592892 0.7948636068173847 0.6544635397882723 0.3842487236176607 
0.1122302387803564 0.8274300924327903 0.0540300402275746 0.2016224564139942 
0.3011017917312316 0.09991320341529736 0.7063824692344013 0.387872687561263 
0.3783174443900235 0.08530905649118585 0.7518743317459349 0.2140073671738502 
0.6250007354226108 0.7451862316247606 0.7153006164269569 0.5379638754464634 
0.8199949448196764 0.7142878825183716 0.6933149065507888 0.8364552750608709 
0.6794050667409091 0.8666742373516866 0.4425795794202025 0.6297612524719031 
0.6881021197173463 0.7806155545456301 0.2966160820100768 0.331000494751936 
0.4171269339010621 0.3029708082483245 0.9194511035164139 0.8889558315929292 
0.3667307443239652 0.8306420824328703 0.3806475238655287 0.7554651332525845 
0.6798111871100264 0.02231278651527902 0.7832564681199469 0.7392177483982082 
0.3925432715419448 0.1935196558032567 0.2607917646334288 0.6883866110428921 
0.3606865469626387 0.7934491796020703 0.5554162278527051 0.3733287894377009 
0.3578358575887606 0.6844365062312949 0.9676925267573538 0.02450006916408088 
0.4146359580464938 0.9256015047632307 0.3170739888018361 0.1979886486971185 
0.1033249484993296 0.5655780252811869 0.768017072204871 0.9168532092268264 
0.5699313250266272 0.9578823649490136 0.7455746058207353 0.3379048622026319 
0.7763639650676806 0.7505282270147108 0.02693692993907527 0.1231453926352152 
0.7966679450883234 0.001574340073234335 0.2408705184719646 0.418890394897964 
0.511232625350091 0.3829258356293249 0.01658193547634965 0.4626570907962602 
0.3647570042863089 0.1885289891354218 0.8767903540448337 0.6580310438132834 
0.9872348737467699 0.4217643051340748 0.4494401774573224 0.05451516535301845 
0.8452500863491557 0.2861936460472234 0.4045770712009668 0.7065412485917718 
0.8225770738119609 0.6138208658802814 0.2283346992992165 0.8288918398919783 
0.3108928826254789 0.7348182918087151 0.1981213278761091 0.4250484622996554 
0.7700716419225548 0.4286672428747789 0.1754736630934443 0.8876231840687345 
0.7863356235027316 0.7484093694656889 0.6494068373291229 0.6279242722052982 
0.2213508607886121 0.7409583048149041 0.102206004262167 0.5971634525443965 
0.1920814617943791 0.5368798188734654 0.7454575026354638 0.7409197860095554 
0.7505804519157157 0.02987740682166692 0.2073922183806641 0.1100168689905863 
0.8759299654931229 0.4853961798806649 0.3412688891053072 0.4447875572263134 
0.08048273595848024 0.765717936386468 0.8987470963333729 0.6400747408012327 
0.4561145265669693 0.3343492864715407 0.4571719020321431 0.2566046321937417 
0.1321720651939799 0.6731665070021261 0.2304787508305994 0.4699482375143533 
0.6068023160900081 0.3920439480309026 0.7320627279143006 0.6911421285179703 
0.08964859762839091 0.5796610262307375 0.3267685038647806 0.6224234439352307 
0.7102066350903621 0.8926449739112929 0.8799662918486395 0.9214090981086801 
0.5088691002145356 0.8211991027676953 0.2059673749965447 0.3246225964104847 
0.3791337193419317 0.7096452655228173 0.2581326796022984 0.244139992151869 
0.1126463159681579 0.9225128710983969 0.835851618011582 0.8522262610401867 
0.9716684565519175 0.1398884385389655 0.8428151344941557 0.9622198783282795 
0.4732473661396024 0.8242275926451299 0.9530505935965887 0.3727365677477382 
0.330953573004098 0.8724801754022614 0.164821485635229 0.2746473064929558 
0.09933497352263015 0.1269312829921213 0.7792041741456754 0.7467278311138259 
0.2763890917211032 0.3894847055058693 0.8925011359378273 0.3134211243898702 
0.8231252380043291 0.3781351631451968 0.9313565071999919 0.839247018876672 
0.6431914400145491 0.7169057480518735 0.7340772409870804 0.9109288586163126 
0.9040723349833911 0.5785641542722104 0.1827023845220797 0.330467578860309 
0.2158613864342546 0.815513468154085 0.6830231270629334 0.3463192516162887 
0.3300501243079441 0.9504832235540491 0.4736786242364098 0.2841993846668229 
0.3838056654735253 0.1875320713447238 0.2168893205064575 0.3713889278619296 
0.2805891956819926 0.9483337538083079 0.6009292088868617 0.4507752508496184 
0.6552964536327148 0.04841288551025036 0.04973676765494217 0.174796258227156 
0.5056836192093753 0.7384166457650763 0.4923925008705368 0.475551486718828 
0.4946805192665976 0.01465225113854997 0.2346573067629961 0.3296873051157303 
0.6365805395139167 0.6802957995848566 0.1855891231881384 0.4533997368554636 
0.3798837796472354 0.2612185301367949 0.7692426550241078 0.3164468968837924 
0.7994827143063755 0.07653683314734001 0.06122188663071666 0.7702891270751746 
0.317313693975497 0.5603537927100494 0.7776113983393442 0.3478886401694012 
0.1243902598971923 0.2894173063630121 0.306303426494239 0.5814645950523787 
0.9644572038626164 0.5205264858034196 0.007754058308808497 0.301268577594242 
0.7395291891965873 0.6681878786640657 0.1447457033360679 0.2865720213121194 
0.5698259500929774 0.123414303938093 0.3068745969692733 0.6858053384378867 
0.9727423945520718 0.04680636229757842 0.08955342921435452 0.9214618241574248 
0.4522944144163076 0.2017364675903058 0.04105709751911052 0.4230101641617347 
0.9657608768554808 0.9859889055858601 0.2795344959760481 0.2918937450133181 
0.09450666301983444 0.2919528063547274 0.2103463702689566 0.4088548859242084 
0.5018120703595694 0.9699956293274954 0.3971400733161981 0.7323151618595968 
0.4204568336426513 0.8943979104352251 0.4936898297881595 0.1187828068405885 
0.3968285143002547 0.01326822572256712 0.0173328697671465 0.459279437908088 
0.06565468877783709 0.8376918947300359 0.7185267174492372 0.6156882204471124 
0.5130048938539624 0.6265003257886151 0.2293325174917374 0.6214644389778039 
0.5473222421710189 0.27243110150043 0.4771093060816584 0.89415423135882 
0.1660586799313279 0.2916561399243616 0.8544320166593873 0.7116755355566775 
0.7773911572710254 0.9498753876698477 0.6930694875003525 0.0731616985261974 
0.9054035284672679 0.264950243480077 0.8404875877553796 0.1796833316372222 
0.02127243597737932 0.3524059534495707 0.9675403041492253 0.2280253251569226 
0.1953048774552804 0.4898683601271887 0.6127122366073189 0.8774204310398044 
0.7690158569314901 0.6235544878120063 0.6894926959380184 0.02343786332844421 
0.4879349478117895 0.6322035283703101 0.2304793182130325 0.09912563018248455 
0.4586377953995089 0.9965148994042727 0.6630498858372361 0.4751163949217935 
0.5020811786342121 0.3299226987832691 0.6333042318132562 0.4070694623373504 
0.2614412589122626 0.4466404016162466 0.5987902736323525 0.4782797872684299 
0.4398629929592381 0.8011793501828279 0.1426418340383339 0.1218385341235099 
0.008294691564571745 0.830180668059371 0.7966095542256785 0.02826100042205193 
0.9994201324281116 0.05283730556154439 0.1829789556119056 0.138435042049597 
0.6126491981442915 0.9110611965676302 0.9448929769868986 0.2657730722951564 
0.1807138897744419 0.3567222375190449 0.8832426932896198 0.526232396475069 
0.2772077513828945 0.467496623678639 0.05778367941466604 0.6457547563157875 
0.75135173646603 0.2000948270800671 0.175741703111527 0.4054032640977706 
0.3511532809240631 0.08351056116096454 0.1489021573088287 0.5782059170904489 
0.8930553536185399 0.3561104151560307 0.6021832503897218 0.9363950387484786 
0.1322072070249475 0.3269592012088763 0.1269165999845045 0.2389520958026057 
0.1110151011574938 0.535612916761613 0.1145384624370665 0.5636337196033193 
0.4608893793660243 0.8031991502321547 0.3952765538199833 0.3214262515538744 
0.2899209566847192 0.7233356120963449 0.2286858533314936 0.802084675919786 
0.2175613788716809 0.4531013392488001 0.2534084438480145 0.5957126927606738 
0.4520305451642615 0.1204328910688389 0.3102084475898085 0.8531646027585422 
0.7307701980546319 0.8080966270756202 0.2109390165877604 0.5657689461684725 
0.2665852409666251 0.2878475127823638 0.09577893001451705 0.3730241887138682 
0.7231601817057324 0.5150648760948145 0.9219867305366406 0.740719475999248 
0.3810286278700354 0.568241464173122 0.9375594318121584 0.8669044739832984 
0.03808881833227076 0.6435052904812347 0.8261943234560057 0.4233014485743645 
0.08627918764526137 0.4708165415938004 0.2357111403175484 0.3008684450320811 
0.08417806645121312 0.07602123634547378 0.6141186915637497 0.9915240929201263 
0.8522624769801947 0.5796977764115292 0.4202110779506947 0.2938259790862898 
0.04360980379673726 0.2080177168858243 0.1472016497953443 0.5783912680905081 
0.7566856227297427 0.5444082202957657 0.9553733370539959 0.5445881636008235 
0.8996510371338002 0.8020914818900856 0.4268326881414416 0.06290347414673975 
0.6144419079100272 0.5483798013323004 0.7551044099758597 0.8070904584841651 
0.2274134380815022 0.1852472494198204 0.3324599446404738 0.3969609530669164 
0.5182103483435314 0.8254026479763605 0.5297734527674022 0.695006328417091 
0.4644767963189294 0.2786261857392003 0.7403594415597192 0.9486693323430659 
0.9015407137326089 0.8531058381019557 0.6085671228943603 0.5122815470253539 
0.1792218363604704 0.9761778435980151 0.529744534784356 0.1026693250862523 
0.6040903236765821 0.3102447914006117 0.7809458041100857 0.2529854904900805 
0.5638585466604443 0.2199467702003464 0.3720723871409769 0.5241892733241243 
0.1241368406606385 0.9678088886455091 0.4667775584572825 0.319213142339508 
0.08337305737631939 0.5768511606395872 0.924978078353121 0.5723737086561883 
0.8940783800604503 0.5685082319839267 0.3596362649340872 0.6893852871739027 
0.5010441271147472 0.1251653640042125 0.9788563140885028 0.0186611486797226 
0.7531563977960288 0.09967996075839308 0.2598993860736766 0.7315674198304097 
0.7310485229574356 0.68615153467504 0.9897043612736095 0.6732238913282105 
0.656279282346537 0.8795513077438549 0.2174732065787746 0.02094437212016597 
0.9603040678036301 0.9570843953842998 0.91067878541992 0.944268399236733 
0.03332990677354 0.2916569782333505 0.710562782578202 0.699069318812813 
0.5316948592439366 0.6859965403426768 0.8254555891217804 0.4190911494745364 
0.7083916363164069 0.4730385030902158 0.6044602460474222 0.09353301186126908 
0.1961756289660303 0.7732499545591732 0.896926602605788 0.1398940470033804 
0.7555860647230631 0.8103421784546054 0.1239342716135779 0.7397905488778531 
0.4071957414322403 0.8997563419083536 0.2731808961379488 0.4567128217551094 
0.4253941269068106 0.6724435642177166 0.3982378370062704 0.6340649722208143 
0.4376116862284551 0.4196735078761507 0.7987900316271864 0.2207354363714179 
0.9315752506282257 0.5667574402632991 0.02058861857562938 0.4885943520528535 
0.5228463173144795 0.941082911462392 0.9212692016186729 0.922637754040711 
0.6915879846890216 0.874063156830623 0.6195297816984621 0.31032052141255 
0.6337864625116045 0.8581353550174251 0.8612729240007528 0.09774344782693391 
0.7233097064652126 0.6293660067231803 0.0321252929394089 0.8559537233285784 
0.5246246527767415 0.005315030276737966 0.1476854616154922 0.5306048758714269 
0.4171398509412379 0.4994928140493757 0.9709667179835738 0.1693703073153706 
0.17890671290468 0.897818719286312 0.4466310679218045 0.4929081881512725 
0.7226661581237459 0.2946626166464553 0.8394133711950863 0.5160905931211484 
0.26068750676512 0.3904977012092695 0.7400933989701287 0.6299650270387671 
0.9238376744952502 0.294846932965236 0.5553003330510109 0.608228158008745 
0.8108206210020189 0.6782953485410571 0.4596785581504532 0.5722344432652826 
0.9601556828567104 0.6809534354479508 0.8365248620015804 0.9173789117254422 
0.3453844759421731 0.2546797401880505 0.4006054423488628 0.8230484947524275 
0.3828840041844024 0.9478661694987965 0.2696070132223712 0.6452753156348098 
0.5304172256250442 0.5199253896716115 0.740015235786186 0.359150429933684 
0.3774942841726758 0.3767374789158813 0.2694344861153822 0.8961186515439211 
0.3361773029996202 0.03549148322526439 0.3939104556151951 0.07824393900301205 
0.3320842442781053 0.6206306141389354 0.1207918673371819 0.1440643561277598 
0.1018305935108284 0.1959048014420108 0.04497372970933902 0.3558348321974817 
0.9947524257040938 0.6338624855395146 0.2124674902117717 0.7384682460894778 
0.3024012973854233 0.5720315081867814 0.6917564660730894 0.5919758685996416 
0.8470134565721552 0.4634422644634312 0.5625482236913859 0.2254780101059143 
0.6149197723098465 0.6830513058527636 0.7715645030001692 0.09958417605644056 
0.2625754956633833 0.6836735900671069 0.7253127346576157 0.2154688341864931 
0.4571978605436947 0.8518477486581849 0.7950440172908971 0.4861203721249965 
0.2093637106294129 0.1472347564430052 0.9131421712105587 0.07997549223938759 
0.9554926340114858 0.4055668284882852 0.1434021306716964 0.2081819975012092 
0.6722545165035075 0.3529067546158032 0.4339619792093974 0.6496850847690798 
0.5519283011353141 0.4952911537626816 0.3732849225249788 0.656071478407346 
0.2691907294285139 0.5774872743849939 0.3879217669167924 0.03519123027503536 
0.3800229712949059 0.2100757541430762 0.2644376476652994 0.01499581689153557 
0.2733060774825512 0.8697640979070755 0.4357385416655852 0.005399907086948191 
0.8088774217910787 0.7481960680957316 0.895219150403835 0.830071966612441 
0.4430515893574251 0.7584592549352588 0.603126657803249 0.2054311541711965 
0.05687525209073575 0.5268947438911398 0.09095835864017594 0.8301654893880539 
0.1449217002244476 0.5282453717080976 0.8909635243179247 0.2164900150549425 
0.8675890632648275 0.2595545212706002 0.642942970277279 0.7725619630312972 
0.2280419665131653 0.5708804750219703 0.555167665494693 0.7115043676112099 
0.9248281792273654 0.9459687586862905 0.04955945150628585 0.07770102759451689 
0.2673736026870405 0.4488739991338732 0.1764234726638763 0.185192480263826 
0.1044713796124119 0.7592070265404627 0.251893119920801 0.6427064661334952 
0.7247771966089621 0.1064652606256864 0.3025461263440425 0.2828759174175156 
0.6233599622071537 0.9200869102027475 0.2698911066906065 0.449811996063758 
0.07900728047714731 0.06285948222943345 0.4817168857671803 0.4879246246970699 
0.276661337803862 0.02536923083233954 0.1236070752957118 0.93754605193493 
0.181725677050967 0.8932995379707791 0.9647566851114614 0.552955658703734 
0.367771568184465 0.9145149716574538 0.2233052231651172 0.8484126969244228 
0.7989997413574474 0.9686697723104858 0.1577352695526214 0.6379115294637591 
0.9606200746169824 0.1097213103035365 0.466973421532506 0.01751657278306814 
0.8890779968990022 0.4501866121133915 0.539043630475603 0.4151529845524574 
0.6004839107873033 0.7192879006118276 0.3721948625380486 0.7043866690181916 
0.07862495019733125 0.7270381994863653 0.7742238412981061 0.2345373601394977 
0.3346771735632688 0.8374935992925598 0.9756804552051721 0.2364119035642007 
0.913958576884772 0.8518946916040651 0.5986397951080027 0.919303420663963 
0.1987379577238992 0.6233522473452715 0.9931934446504668 0.7078338506428055 
0.6950669982595387 0.7130899870237007 0.91159030529806 0.9921547859797288 
0.4019875921215984 0.1045114206713455 0.6848932960396804 0.8485832917888673 
0.8060133488390483 0.8434026341886169 0.9540174584086388 0.4098898766108319 
0.9372204601431838 0.603484115443599 0.8418452835221509 0.2436086572721049 
0.5044271859403384 0.7465487230795234 0.9645664683712887 0.1390317571335224 
0.5364426092528805 0.3011442175922293 0.3481308194031849 0.7495999582794189 
0.9809149019665273 0.7160763817347398 0.4647392780545537 0.2572044992668529 
0.8774342306821289 0.8031162039917902 0.2386133907400768 0.8418871509707053 
0.4994703797319545 0.2676668909645087 0.9830983695194446 0.7105888109810299 
0.6070380984904935 0.2281051062478667 0.003417750219475475 0.5344398191503277 
0.8140822198491633 0.8355452053952357 0.3874608870961135 0.4799269835952906 
0.5766679556204639 0.01682509005530683 0.4149522439604957 0.5580724244341364 
0.4283185217507238 0.2319065480259798 0.6151340201855493 0.2091174336801186 
0.3089467078448444 0.6051340881444419 0.6523049026172566 0.0579083322071207 
0.8438138848079864 0.32573809487581 0.706276755748415 0.2935833133026738 
0.7837902703570374 0.7504342996985509 0.2897386809639393 0.003009838046097377 
0.09768876435046492 0.1281100467341749 0.5843797508183806 0.7693895762130236 
0.2996945585198765 0.7800981040455558 0.4107352204310689 0.1815901660957096 
0.8356421917831272 0.1671502516165631 0.3295105390398203 0.04321906624609394 
0.1032611501107187 0.9300783109947576 0.7022841254381627 0.1311140332518215 
0.8202389503539164 0.7875031705786186 0.7802444317878642 0.9963205970176313 
0.2646333821041215 0.8552200841097046 0.7718359416777896 0.5151572172911841 
0.3868701407683211 0.2127183064065376 0.4466965229611955 0.1195805661123324 
0.393636940851823 0.3300810793700871 0.0867470743103135 0.165746229862489 
0.5164732139386503 0.9557110411202999 0.9327780165704218 0.7211835248892824 
0.4462699330826378 0.5398048045104263 0.8165495111774455 0.5177087967599256 
0.2036108528996552 0.3028215290272099 0.1363942296635247 0.05811159056862006 
0.1732177595061299 0.7384512119953343 0.3313125313539187 0.02296865729415749 
0.5916293773426259 0.7100004791187334 0.9871665661529364 0.5093986055100695 
0.9882622486811619 0.7166061285688921 0.1111035916525012 0.4206738611976302 
0.9112030163307239 0.4689987161379263 0.652493720210599 0.6294307549612306 
0.4289881792496327 0.7374056761558585 0.7838226237230399 0.1334441291969983 
0.2954257881318249 0.2967937176814319 0.2359218163991593 0.5068986601146029 
0.5517108624877638 0.7309343062236842 0.05953183927268026 0.6860500989274114 
0.686932861625107 0.1481836658297618 0.6811464347766605 0.2437981810973493 
0.03118979220909995 0.2655448596017663 0.4387077734593668 0.473275664196132 
0.8989411880780938 0.1360270964517991 0.4986216964026832 0.5082010366809463 
0.3585745756195825 0.5004041377113061 0.3499025250543863 0.6796223858461873 
0.8108837062903312 0.1115401010318015 0.461770795213807 0.8909351992532597 
0.223690044888319 0.3275603771195328 0.6260022827690815 0.7718364295096779 
0.5192435971470175 0.1962876994237337 0.1727528918330874 0.5672968852655361 
0.3139007736859825 0.6027993385367881 0.4990396307561084 0.5155141329329539 
0.6337485355320572 0.852995873028373 0.8645541124803386 0.4364102618439115 
0.3272682136129111 0.2552885624648508 0.5848855310660961 0.4071856979626912 
0.6170193194051649 0.8694733862429698 0.07357669216558886 0.407809346370579 
0.4885395917499476 0.02554062221814955 0.8156332667592312 0.06050590236124569 
0.9735314134893143 0.2127145840583147 0.1167518688703941 0.2270759125519147 
0.3004227188319222 0.3533873110072073 0.3151787973952177 0.3293286813340524 
0.4484402722912129 0.5053110332976544 0.6064807947620059 0.4762356901140996 
0.01385462679110581 0.8318644033145991 0.3074236181519949 0.96147965078412 
0.8884246141878618 0.8384518376162314 0.09993483460310068 0.537016542611328 
0.2046072109143142 0.7059034255209964 0.5211949801959465 0.04231319786887119 
0.133008333309966 0.9461926641936449 0.1338329774920275 0.05573062828950563 
0.2982404420190863 0.5444765669244662 0.7669092096908022 0.9108825038196849 
0.04991087304978862 0.02655576985791499 0.86162709858347 0.1006183904441871 
0.9123177611234455 0.1567217299656643 0.322458132293761 0.8088624653681411 
0.03926015535045156 0.00715718016695129 0.01560755252527924 0.2208190364757417 
0.6618861479060996 0.2277967734490841 0.3965243874724386 0.03253328179325103 
0.6131771800492054 0.5485097963452511 0.9565375106287416 0.4045534305527588 
0.7670293620466834 0.5780703150988428 0.8330821719215461 0.8978054409403129 
0.7008330758526573 0.3844053084232033 0.0475227377820362 0.5919002185320354 
0.5807423394738981 0.1010680351807773 0.7597790658334607 0.5323596542350494 
0.598835861338895 0.6571596947662649 0.6544348386422909 0.2616723354720862 
0.2321631441415809 0.8630440290047622 0.266392999946615 0.5369868279259815 
0.08185090336324045 0.9055186049387245 0.8537438503105335 0.2514225698633429 
0.9455960639418377 0.3285570602034402 0.2888427905283342 0.3144494547475281 
0.1609852389718665 0.1348288792787527 0.4386891918270934 0.03425588906071302 
0.4171063142456088 0.9621285450985027 0.401362637700416 0.9154955469216743 
0.8566657652459556 0.5279793976895555 0.6670017595646904 0.8780030042533203 
0.6813393511552508 0.3488619843485679 0.5306270149193792 0.4792992427695287 
0.7988293695623877 0.7640622701254781 0.4564924355340026 0.3115036774694921 
0.7747376802685374 0.05859574951296487 0.7839919325861885 0.9371238853958491 
0.3293389472072595 0.9374339920271201 0.4815114497041676 0.6071815342370581 
0.3674890970642705 0.8643436172596231 0.8991820869394465 0.06084237092911804 
0.6132883174898877 0.6070419129612071 0.6115479380040073 0.4458305519150358 
0.8856222092179967 0.9851506102530375 0.06375936949599766 0.4089679010515304 
0.341956664878099 0.8948463595972199 0.09621597575324654 0.5826366321036969 
0.3356506283132881 0.07353151739566366 0.5695046972057394 0.1569429671416055 
0.4004633252040711 0.7053672799698827 0.5111931906316843 0.0460890048629204 
0.2402634965253822 0.2258861919222472 0.5862782544985786 0.08024749294269898 
0.2635956711834072 0.6844383952166806 0.8401296381292446 0.7921405916827211 
0.5918205567955083 0.888428068264849 0.5856874566542547 0.5305135643487519 
0.3182017097484177 0.5046139462751872 0.03416684237925065 0.01231947465669185 
0.2831347084379799 0.4432693750141935 0.890313969488245 0.761828948717146 
0.9782520642695384 0.4097504085210959 0.7572206541852246 0.838336420560968 
0.513781433571773 0.7630694776815705 0.8584596787913292 0.9751564620103306 
0.07314724870945043 0.8321240153408309 0.8423005019146189 0.4638096278817706 
0.2269729591439479 0.2462023255204992 0.7290489575230272 0.4940730266358233 
0.2371783126878687 0.7019728314325052 0.0664063376063454 0.2851059024714202 
0.4355318091152386 0.2015403564996037 0.6266616663756863 0.6739547758035144 
0.1460052273448042 0.06333012089088173 0.6367990890999276 0.5985226798312234 
0.9824727211110726 0.03900127767000065 0.5817865562110341 0.3297052818875347 
0.007318602176678182 0.2323617991077062 0.4379971236262302 0.160409274128187 
0.6978435441415359 0.2445189343012112 0.3978419403341251 0.3808997339560487 
0.1292010155666602 0.9638641585514176 0.2911036706777705 0.4062286561472218 
0.2666221154140239 0.2903156615809083 0.4822026305808989 0.2554439020870355 
0.275933236907266 0.5924917375152067 0.07023373557523287 0.4856714951671126 
0.8659516100263739 0.9431910965146862 0.2057384342351371 0.974705109533282 
0.6329984419731464 0.03354962286612038 0.08503905986814018 0.6789544094662913 
0.003225939937091678 0.4288447424574807 0.6627381969060568 0.3167221724362489 
0.9569160338732984 0.432182535915635 0.152638271161719 0.614410069215399 
0.7072485668403785 0.9976416160204554 0.8070787916641109 0.2088454201677673 
0.2060442066622761 0.2742953056181845 0.3192130018589847 0.982115788698955 
0.377269742516239 0.5156200551174964 0.521836802561264 0.9642521555246849 
0.1404877437584197 0.4172589070001488 0.4431780476833918 0.9227558482278452 
0.3116546941572709 0.01915941165890838 0.3922331401761426 0.7605172061930917 
0.3174826609002487 0.3977174760647016 0.5809745396482998 0.1346284899269918 
0.3851174858524293 0.7697322731016215 0.794560869663786 0.3215644095746038 
0.7927438240989559 0.836498768227705 0.1459064582542775 0.3720856608368781 
0.3115123773825831 0.3513989284319944 0.3305393970026929 0.1279835912358942 
0.9125554675361537 0.520754185296371 0.601420384633933 0.05406404789309684 
0.6212888386099105 0.4960006639114676 0.5456801693227125 0.593280575842726 
0.1006808364028522 0.5210572756205399 0.3251281475976188 0.8092800665618064 
0.9915655854974433 0.9382470147030785 0.9662343361050211 0.5358996344949546 
0.1709135941137392 0.5992003822929374 0.2279048313472437 0.1186773409724569 
0.8739742064078377 0.6183525375977208 0.5277403183217803 0.77498086257868 
0.8266752200913419 0.08731850742777292 0.9699804009565565 0.9560975576027826 
0.6968147378368085 0.4243982093812039 0.8341715399477105 0.3713594652294481 
0.9260106087629052 0.09780021298371833 0.7265989356803342 0.8161319460347023 
0.6148975399978429 0.5538229388112043 0.08889163498625575 0.5659086531148404 
0.5752602052037783 0.2442945987543083 0.02081425803568314 0.8859779630148692 
0.8688894345936014 0.8286194432775151 0.9630422534372948 0.6757837180905635 
0.4766685265934941 0.5959186004832284 0.6689460261364069 0.9148643553794943 
0.6459558085903598 0.1480369252248031 0.3687181385132344 0.855127807667028 
0.3873316151458234 0.80882183207412 0.08992611070738049 0.7528586406126028 
0.1551224808811126 0.1430203861108288 0.08529364986678682 0.1791638051265126 
0.7241241470399471 0.6674295109451939 0.3560908035977103 0.1866794528981717 
0.5958054557666139 0.5330149644995471 0.3705266506244834 0.0812940320666041 
0.9133785750908885 0.6830190592397444 0.5362376503758718 0.4236664156078057 
0.7326953131927363 0.562800040181938 0.2670755906604459 0.9910383281882889 
