3
1024
0.1062963139052325
0.9201703324567249 0.3048540070128865 0.5320230957282948 
0.6104033927556896 0.6382994359831026 0.5596031429546876 
0.7072125898950398 0.3633354071021325 0.28318461614505 
0.6997925433302516 0.005835349816114084 0.4354081650984323 
0.06761050150009955 0.3347380956550802 0.1204532662917606 
0.8775585382433123 0.01326632373800571 0.4693191695608896 
0.787987501959081 0.9487136423054418 0.9544085396076026 
0.7831750731289342 0.1240106449238306 0.01898093926208902 
0.5749669594289465 0.01369999917161059 0.1130948078024714 
0.1003667438345454 0.02379481381734196 0.2677066313839368 
0.1395200602327863 0.5652134286323123 0.667143276313503 
0.004637385957479721 0.3402543688226021 0.4778333729013588 
0.8792999232469773 0.2694007047915428 0.05341077160209978 
0.5120994387832367 0.4679122068893847 0.6804404731704036 
0.1724943619849 0.3228400612049054 0.1329786804811753 
0.424416930635201 0.4591616777775451 0.3440256081699141 
0.6189361002160528 0.260219179505894 0.3869624693314407 
0.7243853103172602 0.7647752310888419 0.04557394533284052 
0.9763253334550519 0.4749189477043854 0.80798134865994 
0.4655301117791257 0.9183580718822131 0.6081800058333693 
0.01532148842839567 0.08752412928401036 0.2701434199731149 
0.7462691026560425 0.4192418012524725 0.9847604109971725 
0.6515894965672645 0.2875806168190283 0.1117333128025871 
0.456606344716319 0.4155773381961745 0.2525746916880134 
0.5586750436052716 0.7596032946061594 0.4412293088322601 
0.6782279655483986 0.0008776043617472425 0.8134258176772955 
0.286841893278007 0.3765042534906325 0.4902647363753126 
0.2461941912870064 0.4536940588958085 0.3543313455977062 
0.07066158885887625 0.9982837598189437 0.94818060565566 
0.7829455972953954 0.6588951781375727 0.9052326696148347 
0.777048355447298 0.8489174113635188 0.9188959369361483 
0.3650466383140303 0.3786797116301867 0.8784206608560206 
0.8209635952943715 0.298925816760382 0.837036102145906 
0.9574133201798873 0.8442401668769096 0.2737768604807964 
0.7015137744271271 0.7615369042642072 0.1493303522356233 
0.6019563417125517 0.8689268712668907 0.9178892471845816 
0.5899310983036453 0.1332495331036549 0.01243664347787326 
0.1865211605439206 0.2558081720864557 0.5214342736589139 
0.633892324552936 0.09294166176337339 0.4321227000494855 
0.3387014005339524 0.168959078977981 0.6207899480489744 
0.8855061167274813 0.6474132476662117 0.9307131042376655 
0.3368572647759016 0.06557371417047544 0.6454307734201232 
0.5175231473632036 0.235599692763482 0.3667513708208894 
0.7116909627600132 0.305667962144645 0.0177439297254395 
0.5879932480012384 0.7902772537242028 0.9880194782128331 
0.2748969289595297 0.2149125652155765 0.7631217658218821 
0.1948927935502838 0.7500143755694532 0.1487399018480515 
0.3949883466129472 0.743966912628651 0.5675434744015594 
0.9202640955045821 0.5619834546158996 0.5092664165947365 
0.9226610072107749 0.3690116751079904 0.6460868607383158 
0.2517125504727034 0.4921475581907668 0.2028012639997543 
0.1740551283228817 0.8494540089456529 0.5197824006264704 
0.4388770669280835 0.7134248440641404 0.1736678105248319 
0.8184305906734134 0.2410050204894595 0.1592874098550871 
0.4405753959992595 0.9400945423743722 0.7669146214517842 
0.7546619903516343 0.3134001736882178 0.114660166540851 
0.4513054718702466 0.3390833424201339 0.5909634103044104 
0.6297557790887691 0.03249115032821215 0.0239656033294308 
0.3352978046336105 0.5074187248749822 0.3760885674854131 
0.9183014127730538 0.8257724324096031 0.1766781132275346 
0.03188432764037991 0.7931050573481199 0.9269081655940664 
0.7747328760005904 0.6851466598159638 0.6001120250898513 
0.3835581936012722 0.3503419152779536 0.1161788695171085 
0.6226568114489576 0.3458472321324246 0.4703339096462181 
0.007294528339277172 0.476898791171661 0.910483529591937 
0.4900540565723853 0.7380765413356125 0.5195787089788291 
0.5175500029552504 0.7438826072324175 0.3444779776854619 
0.724445024310888 0.03824515933593275 0.2484735252282547 
0.4907960651637681 0.4261332994174062 0.4225569887941903 
0.8929293414052872 0.8975989265931621 0.05815417445373888 
0.7503869975713728 0.8667784428509181 0.5998021154353669 
0.4176036077764846 0.9061034785174008 0.1608981476333335 
0.6247100554391569 0.7461348702695997 0.07747473513729754 
0.3145369957544752 0.9371820995087841 0.494972915434052 
0.9746276204687568 0.1827447677421316 0.3002603101519706 
0.9895046440873784 0.989484514937762 0.6592286626386523 
0.4287826825466379 0.3935545775373191 0.502506390580183 
0.6748776491997248 0.3647110570388872 0.9279386584785526 
0.8179832018301885 0.696059207755462 0.3542995549484342 
0.02700983019882045 0.3999459570096999 0.04697758525285537 
0.3144727968012869 0.422134128179489 0.1532194804132645 
0.8526846150204492 0.5164650609259077 0.2364547984543096 
0.2327733787826012 0.2359032366950953 0.2125208819326065 
0.2235300114167764 0.5695717727973152 0.732137679897047 
0.4092676968725226 0.7589217648878581 0.7419006907644596 
0.5162217743913967 0.09172335944401748 0.6313337399570589 
0.03164010946631082 0.01430573101065589 0.753608190136782 
0.8325504879706874 0.9362624371301708 0.5271430507796043 
0.8788474849870693 0.991077798750496 0.9900260481800905 
0.9370514396292826 0.5726933020465387 0.6136886877524688 
0.5041228017816355 0.6400813788995084 0.5600586733295614 
0.607225679115174 0.1071172034763637 0.1678373855782569 
0.02303162604454298 0.1874651654246288 0.6449061875752647 
0.05740616136260466 0.6419809821832552 0.6930053100919276 
0.6204058316291362 0.3757866058918345 0.8373317750789809 
0.4542017459972121 0.2330638523092794 0.5982653515900842 
0.3499736041809327 0.3868973069874476 0.7735198301202691 
0.5571897519027313 0.6571557970349698 0.4695380897286393 
0.6505367981930762 0.4576115168082218 0.01051293547341204 
0.2781783618817538 0.8356249900770756 0.5034717952344631 
0.3041605508066582 0.5486703832380394 0.5685453553601709 
0.8192051817457009 0.9170712709567093 0.8490146664492997 
0.1981335195852366 0.7767170267556944 0.2515765617810041 
0.06815939363041194 0.02812374934451493 0.369929318512307 
0.1148101170090939 0.7403811134529001 0.07950828759206731 
0.9733535079866995 0.8698200245130281 0.8823219744808384 
0.03061188002255573 0.5341798795782692 0.009620328680546998 
0.8231089665131109 0.4036714989697731 0.6308932652176928 
0.4110594744201497 0.9924471403220615 0.8545919074431487 
0.9362939241088923 0.2416711416536025 0.6159687358210343 
0.4460165210392843 0.4208752462321191 0.04354447678473258 
0.2668324144484796 0.3907454755142077 0.9788732061244023 
0.1752817794010393 0.4056367061480299 0.8114715120193621 
0.5455839700142705 0.5172207517747212 0.4218871664572793 
0.4192454282993879 0.9328448476775586 0.5127948708062854 
0.1672052585694587 0.3808593906697957 0.943131540167908 
0.8458360422892088 0.4366653500094085 0.1665676591934259 
0.2787789642417088 0.288002529656228 0.5632793364972278 
0.09131612235917436 0.5000101251383416 0.4700011692716415 
0.1916692030160785 0.4508987259818432 0.02394470370559372 
0.3893613103763852 0.5543559288664803 0.2975187660544092 
0.5495104764476171 0.8424905531485698 0.07223260932958059 
0.699725823840281 0.2736046393565168 0.4821859898919475 
0.2178099954315599 0.2988230104822837 0.01774796456690443 
0.4719904508444272 0.2968208292673362 0.4931219289602782 
0.04116122271114301 0.5634358034005288 0.2891450701696169 
0.3371607138219389 0.09593069520634495 0.5435611679229315 
0.02117625875693276 0.08375196661597098 0.6216823946071863 
0.8568328446999133 0.3364990219358941 0.1327331240644049 
0.2740122439708817 0.7269483884918119 0.3137943067998014 
0.1385163988392748 0.111751323955921 0.221790555337994 
0.1673453765724797 0.9739818856215199 0.5835767211642905 
0.3693803212320465 0.3613327565531202 0.2209505407403293 
0.6509848686954727 0.6030193211425272 0.2481535292488107 
0.274680146540538 0.8724182944859784 0.2406543885169262 
0.1654051291568967 0.9964317229178812 0.3988822213772058 
0.1353945891226059 0.5041183313948344 0.8146588507884979 
0.2713501605833775 0.1012674844401295 0.4602575670513959 
0.706544178951367 0.6042859819676439 0.5895860253565138 
0.780923336727111 0.957886809014083 0.758640414138421 
0.3745407679660415 0.9489766990976032 0.4080275151819343 
0.4829421009135944 0.7980771411221511 0.002262692786800238 
0.9166615130065405 0.2093426629768107 0.8848229552044187 
0.71750057668723 0.4157922111086284 0.6318614127445494 
0.2057267896469602 0.745292885282564 0.01382629073009075 
0.1708111712687561 0.3028616226540504 0.4274219037134528 
0.8454393830662656 0.09660710161124746 0.8543081796049826 
0.4776911244786141 0.1421638488346913 0.3354092189755222 
0.5343822937275965 0.4356148917602995 0.8552179409436278 
0.1799076000215146 0.1845742223166599 0.2891334970760721 
0.6210581045662992 0.7502801356499049 0.5267889416223603 
0.9611344041322699 0.3914270945358344 0.7426090797836513 
0.6599733353627228 0.9942812232087497 0.5428850960248848 
0.9488413129768155 0.4064548633039108 0.5444405486505057 
0.6061708999357579 0.4120576480727177 0.3888021850112072 
0.2042243845437711 0.1355100538883959 0.7637288874606397 
0.2469661963175893 0.9095468874057006 0.07052145672083632 
0.2217624086294737 0.1088288948121178 0.5684989727470331 
0.1361185044945515 0.2695720271471911 0.9563484650311168 
0.003404619847913613 0.1800615596026349 0.4523095333173588 
0.4803892498804513 0.583750873219899 0.4730959916132486 
0.4613611497560773 0.7260845181374261 0.6486228832709047 
0.3639170676614049 0.5618872194551118 0.9577541141495608 
0.6104274127700718 0.3378523810666672 0.02070803372879631 
0.1492789123140462 0.3643567972633497 0.7170324744449352 
0.8497607536009961 0.8595715245536044 0.2505623762970918 
0.2322750264546752 0.5161081182230148 0.6397647432280448 
0.8979498996440932 0.3648646343966179 0.3467441334411553 
0.3828139648896353 0.3497665196082664 0.9816607577709019 
0.0290837236436375 0.0844148700540968 0.5089023864416343 
0.2494058732042276 0.7604206746982859 0.9181064923887026 
0.5133805889891615 0.09010439376580491 0.07224851827742712 
0.3455976542980724 0.7231783789831079 0.1236363794528033 
0.05386950023426815 0.4173126392768707 0.5321779912204004 
0.2389907323249432 0.5788252104322701 0.03524825709551924 
0.9689705184816984 0.04713210158842277 0.9959616450993319 
0.8179613884725239 0.3819487690360326 0.9033497506935636 
0.9004876806843585 0.964627591864464 0.7117390261367507 
0.9997142429079329 0.1093943595084124 0.37298870950687 
0.1483425013913676 0.7203770268327461 0.456972557361335 
0.0872851472588312 0.9108151944502701 0.5219979940121033 
0.7914373262327191 0.4069901166608472 0.08019991470031297 
0.507993151202215 0.1865604853082007 0.6786522334447572 
0.8440825561659123 0.4162656203733257 0.2708802918552597 
0.8408605866473173 0.7533755742922345 0.1844858614526835 
0.9718904352144209 0.9410355516375248 0.00178512334489679 
0.743149952514136 0.1104032043763419 0.8797392817807902 
0.8779540088121027 0.6396432371393644 0.03873828091100487 
0.2146552224824018 0.8563739661913328 0.8883692894135947 
0.885428305420384 0.3809055914300465 0.8164803826926375 
0.7400377714334593 0.5704639900014994 0.8647460174481261 
0.4361448553877578 0.7243077172623782 0.06796518783794386 
0.3602827502727363 0.4160881193989676 0.4243968503571329 
0.7817582031882475 0.5041630852147717 0.0382139920318583 
0.7533796967000781 0.9581896416377189 0.1767393447348343 
0.1052966213131766 0.46960441470928 0.6357318927691449 
0.958489069382068 0.6529112356195499 0.4696420990945585 
0.1479702058368245 0.9373699608821984 0.9080260611609695 
0.1999182053923725 0.3577267567483821 0.5484936648912967 
0.7456270716903932 0.565551048806949 0.2175260942393361 
0.07560168781454402 0.8289860728915726 0.035784116764325 
0.956437568481871 0.2568255446243916 0.2262302145280539 
0.8821294335426951 0.1631732572807178 0.05083000375268357 
0.3726187158966294 0.2345119212809842 0.9689359952994235 
0.09901182439082688 0.5306355605431354 0.910950393585591 
0.7279362262992117 0.2702550531446802 0.2080580513652192 
0.06800985586497296 0.5711717195552598 0.1072422559889288 
0.06473616536062332 0.4105443026934408 0.7799344013407749 
0.8312270578990995 0.547839799225572 0.4529518123370795 
0.9279717138773563 0.9375017578042398 0.4034488626626845 
0.4952393140896861 0.8055010717018459 0.192652371108908 
0.7441959433061686 0.551881185473439 0.3920564521595064 
0.2928751381940756 0.1968469660735887 0.0282789484213861 
0.2014738003585844 0.4138428508953811 0.6387648382797975 
0.1825234370775828 0.05037074344553649 0.4888627062918725 
0.4055311634572628 0.03434613810355058 0.2104766736137201 
0.2251783548390482 0.6325810600199206 0.3107999193401901 
0.2829517878828876 0.4955785088228239 0.9858891117756675 
0.2718868466959536 0.3558768318106446 0.3870655504591541 
0.3592056842933317 0.5254622538666056 0.05750446646547774 
0.9136483097628457 0.03450012090085425 0.2319760493304887 
0.7609293489786635 0.3253427195861971 0.66695791181793 
0.8205182350864317 0.4917120429537437 0.9119320130176798 
0.5140480001150585 0.1566706135485009 0.1551198342374462 
0.4129921617301295 0.5970163375737856 0.3919741175471299 
0.9532839210957801 0.9483778559887063 0.5061188416956164 
0.8422991252341837 0.5306333667302117 0.6822417963701346 
0.7949453157484173 0.08293943820868341 0.3142881236826074 
0.4804162969519359 0.03653782784775413 0.7871783633034467 
0.4257026571653565 0.102508248496504 0.1314426176066785 
0.9940378990057658 0.8772702873018987 0.08389891069103755 
0.9093462623925708 0.7664146517335066 0.5063394313957852 
0.9187164501259222 0.5484095502061032 0.1588672075975343 
0.4047790660469908 0.6800202786884428 0.9765661552620717 
0.4753549847143636 0.3836239641870189 0.7337724129033106 
0.009591954700267087 0.1603509611842877 0.8686126737380206 
0.6361629659072876 0.1945555894965606 0.7498168920248712 
0.782713857501202 0.1147109877499959 0.6027792258503816 
0.3525625169556038 0.7052923516917253 0.2353287807160121 
0.3453381290151183 0.1125904527818114 0.2626687527086831 
0.448063212676146 0.8252991624975552 0.09891417265376301 
0.7600195450002242 0.8076215280956348 0.2271689438977818 
0.9220029821814092 0.4801234366237725 0.3083831779725816 
0.2440152092036987 0.8277319848836049 0.3327636319569633 
0.9091517895578667 0.6610105225584191 0.3119334074218542 
0.3768546331675864 0.2118703254529828 0.2414706951143529 
0.9992821673011383 0.6293959165015718 0.1651889692644536 
0.7170831325932904 0.116692386277363 0.1756710545245437 
0.101057707917698 0.849994197287043 0.8691704876476958 
0.2562002866814673 0.6707111598972773 0.7337684501214757 
0.2817175430496739 0.5459212136033793 0.892275310583865 
0.7977740415981488 0.7001288618850035 0.003928913062114999 
0.5157558668240754 0.7733667644576141 0.7267581914961967 
0.2402694811447087 0.4916051508307657 0.8026468761856226 
0.275656946831537 0.4008923548811544 0.2517712803063319 
0.9176759613009485 0.1748959413834535 0.389676326904406 
0.9554056382617485 0.4906681562534129 0.7049597574704113 
0.06054945189122628 0.05558811524676209 0.04926021130267975 
0.9817470466264622 0.5864156300198358 0.7428763675882304 
0.2717086127155554 0.981763751109424 0.6509701587497109 
0.04311959857790561 0.556020288243896 0.8241690642489772 
0.6293904280504067 0.5683533953998956 0.9260247698497892 
0.6309648063295666 0.4728116852049327 0.8794552963214826 
0.7144935637452196 0.9242880666076039 0.8776013341757611 
0.1513136045521441 0.6256215452225891 0.5050511735035975 
0.6440861065348328 0.6976112989915157 0.4235871791762397 
0.8176477698728593 0.1221944355015737 0.7028936401239967 
0.4597445271817698 0.005595297256403819 0.4369010037009226 
0.6629944806862874 0.8317656183044824 0.4328284807918058 
0.0250651035774013 0.734193311840978 0.6511713772874463 
0.271850176365758 0.5921473020373512 0.1354604529566778 
0.7433567731611166 0.05702496142292351 0.7509388063909085 
0.8117310558343683 0.7243959656822679 0.5085175167765726 
0.1898856008774389 0.4759909051358332 0.9014838299387627 
0.4180062330150757 0.8741965220052368 0.2622931009991115 
0.9713504402483848 0.2835557507174221 0.7071613468080131 
0.2898222554202873 0.04054430463396055 0.913124842266831 
0.5125085586806349 0.00533600045355144 0.883593622928134 
0.2012423319358151 0.5850688805978853 0.8349093597747271 
0.1954593676159546 0.06170959185905335 0.2963269364456331 
0.4120145261271252 0.6564907141138538 0.5096035492284463 
0.6756462914185656 0.747719800984681 0.2515044299514217 
0.5753913240592077 0.02123102166940547 0.4844124667528271 
0.9922112830024121 0.9048698533424241 0.5949482809334116 
0.1638347046175463 0.5458594898354718 0.3068157327814884 
0.1717367556398506 0.4777843132877929 0.7183016614335288 
0.8598063609857128 0.0004328547410299161 0.3515609775457097 
0.03581341947926663 0.4244424690436585 0.1677971670130179 
0.6933633443943449 0.6056813383185033 0.7732779147945913 
0.8398590952423631 0.549206100707981 0.5776088077028007 
0.5062979796676081 0.05445787664603448 0.1832537542602842 
0.813780319650661 0.4882364296844993 0.3429996636279284 
0.6531264497976644 0.3389613040257796 0.6672436607912674 
0.9253516125911548 0.3591738112555767 0.9945526770966466 
0.8131071089484424 0.5803250538437374 0.9701706171925154 
0.8632107427747282 0.7440547586332688 0.59945707846035 
0.7480017887464497 0.1000958940997983 0.4259200080899187 
0.6092635027931701 0.7297847383433161 0.7011430310491018 
0.4173059177501501 0.6333629364415911 0.6210235219884699 
0.8199772911156155 0.02851718556744809 0.652681166981288 
0.4781856384928926 0.2454348252439168 0.9629946379586648 
0.5799646290209953 0.4084685838940997 0.9473280645904613 
0.1061957424241026 0.3275691428215743 0.5081384330949182 
0.9161380779306451 0.4222318236057531 0.9094753798550499 
0.1058998189102851 0.6477079927746697 0.5985887637605447 
0.4377817776804159 0.7038050448188973 0.837116709412852 
0.06379760489480696 0.8486614736636612 0.2808838706993543 
0.884923108877532 0.9026731708802236 0.9313173127090247 
0.9343697333959038 0.06601650111822766 0.7082410718895117 
0.2663312645229163 0.9602498871772412 0.1619169266766679 
0.04673935720620418 0.3565368087347912 0.6901359594414582 
0.443124242956985 0.5414090539855619 0.1207720877939795 
0.6869188956307607 0.1085727065589195 0.9766044107933272 
0.5717020848059235 0.6411217802275081 0.8742968389660805 
0.2489704216267442 0.3769462031727805 0.08274622300883995 
0.5179458771172982 0.003494376188550581 0.5720731007080869 
0.6113575761184558 0.9944058242129126 0.6374159923954898 
0.6499555477969872 0.2740983134301253 0.5761101530865462 
0.7824389383115531 0.2287467582294408 0.03715534226954695 
0.2542377533308316 0.0155929831196322 0.06997628286525162 
0.3740773808955869 0.6212340162035015 0.1334240434758218 
0.376746475195668 0.2084376424636391 0.7928505455074581 
0.09116851467805111 0.5609569917918329 0.382912260688567 
0.7658788488612287 0.0440487102524975 0.1153307957519073 
0.2441611937912458 0.7053051196726516 0.4134912917874228 
0.2692099276932207 0.2767653486894462 0.4580114952154553 
0.593569124293827 0.5299223741201614 0.3278911927029334 
0.5401510793209694 0.7283810745501668 0.8224375839493597 
0.944714221059213 0.04237397641982257 0.558028650740492 
0.99105628753042 0.7602210401906293 0.2180269269496302 
0.8276173391984532 0.8158841094506141 0.6692608730727898 
0.5718332106866335 0.5474377460357654 0.7179438146276217 
0.137759950499332 0.1639844962435124 0.9441934208438749 
0.07011318649364853 0.1865961978354248 0.2537112101268959 
0.300110227347972 0.8747056353352775 0.8278688680885937 
0.007441823955462294 0.2826416399482685 0.315852937056714 
0.2942033182703404 0.1223563472588673 0.8187727101193686 
0.2583253329620449 0.7780024390220736 0.8136543390133055 
0.6232137087740057 0.4407294516686929 0.6741382762108227 
0.3012823080082055 0.2983140384250704 0.2728188992675472 
0.8710849994785647 0.3193166120616107 0.2366597610164606 
0.9434917597847735 0.03468382763593206 0.8094081075698725 
0.2610429746178879 0.8947191982617304 0.4135219479236966 
0.3616697431431625 0.463328249303486 0.2501226785579 
0.4659293933460091 0.6251169549678087 0.04398563488511355 
0.1624137567347841 0.04226374790668798 0.9174115354268195 
0.5004204819788468 0.5098456526362123 0.7871271653596075 
0.9877178833126357 0.3759173031474577 0.8449738250788265 
0.9084547876680298 0.2072349816510776 0.4916197938229461 
0.3531546274739704 0.8719008367650136 0.5695160803453554 
0.7839821843071305 0.5502889845097997 0.7689121127557735 
0.09704904602589035 0.4291184882164807 0.8794953847981557 
0.8663981243510195 0.4353245912827619 0.7226725406407475 
0.5336627756749908 0.708487555018353 0.02873414257830729 
0.2857852456826169 0.1955910457467568 0.2953677914200772 
0.4963718342528192 0.2008499298950933 0.06006785402915387 
0.03398649661872512 0.8323044072436406 0.3816194317759639 
0.8532697845865251 0.6298100884040597 0.6455970222715408 
0.9412890381934649 0.9959903638412687 0.09267035090695312 
0.5768751340959991 0.2387543310121081 0.001914318974691832 
0.8462338293726699 0.8943603515075143 0.3509438287090826 
0.4059228653817082 0.2947120658000646 0.3013979071928263 
0.5029570185305593 0.5452778620048295 0.6081197705564249 
0.4455641649933508 0.130419985893952 0.2320708123751148 
0.3385073583768857 0.9423542343593888 0.913970914666865 
0.1897479697645628 0.3038597465436352 0.6395644789459445 
0.3416459510533205 0.2554278534457635 0.1441635888876922 
0.8314164441616934 0.1165993789677487 0.5083148008108016 
0.4310719274118135 0.3435246725795054 0.3924132717419865 
0.8393191359085576 0.8916273777931449 0.1497521175638619 
0.2303305929725032 0.221462677370746 0.9459311478127739 
0.389194142690817 0.8066560290175355 0.1854350632416902 
0.9628706923418445 0.152401800218129 0.9825345091557717 
0.4564257037788453 0.5178404137879703 0.2235719777399716 
0.4246308800635588 0.452395157230847 0.6089969480842764 
0.5545198517323857 0.9091137114396349 0.6655957232206862 
0.5210442486466296 0.6989582040553596 0.2395341501656977 
0.544365945915234 0.2859802064178339 0.5790384740947001 
0.6956472306682172 0.241885185432299 0.6754483736988867 
0.9755600928453222 0.1112906338641355 0.08045607141446168 
0.4085433986694936 0.8311571313435151 0.3590269689439139 
0.2110969864203281 0.5384009632245892 0.515897057544039 
0.7553444035075902 0.9869931193560187 0.3372033674546309 
0.4494529934532422 0.8329132154120412 0.5470228347042808 
0.6187722470876111 0.7746414589019963 0.3548517006609275 
0.6715025766346021 0.7009709704411942 0.6199206810996754 
0.5366008479029937 0.8946132578533029 0.7700780231208076 
0.3430243147480511 0.8008477549902508 0.2810045343946514 
0.9053874776141234 0.3169959396432276 0.8990457250002862 
0.07496341497752206 0.7259966969807368 0.5336821947289583 
0.3369197104548809 0.1510909132494509 0.1639466019663623 
0.7770943733584054 0.1802822410495627 0.2361184949119526 
0.4454657584871211 0.1108769008332314 0.4332815913397519 
0.6544855428665126 0.1269194509819399 0.2609697053555336 
0.4259648595033055 0.279719317801795 0.04899810516959101 
0.2651779104819016 0.1881896483818933 0.3993855853541557 
0.3240581698757484 0.04758074874489665 0.1434709235708998 
0.8635841765439434 0.7743125148647643 0.7660910361447755 
0.610027061402858 0.5585288993889918 0.8194366421733077 
0.1178849457710863 0.06729943309655997 0.5715574191917563 
0.06774992307819021 0.3009498702622786 0.4014488324049685 
0.7216552805307475 0.2082849814746726 0.1219234011274275 
0.1759203074794215 0.1959573689873182 0.6086384118034912 
0.9392220047357029 0.5675882276619727 0.3662883627269096 
0.7504959455116632 0.9729778145221056 0.594479658304543 
0.7584416727613362 0.160346748281528 0.7825153440332669 
0.7926100994705193 0.2741271360771696 0.2923269816785359 
0.06691555555626032 0.5060849484622765 0.7333701146140046 
0.5478989052497555 0.6261795520912733 0.3682798055214985 
0.05409003380770369 0.8934510286868278 0.9540496410836805 
0.4194907272835437 0.5028280477640785 0.4408144070674442 
0.8664553505764503 0.6963597726020643 0.8382997043285411 
0.6019325266028682 0.07113244320843468 0.9168288935931813 
0.173682810047334 0.1562710409930564 0.4864125468436068 
0.2040100427796734 0.9462747793163742 0.487726877552487 
0.5428411611683384 0.5977498262407712 0.2636587066886068 
0.2871601089629107 0.7779688478630619 0.1935094953144222 
0.3748078101101414 0.4522378792490855 0.954532145464739 
0.4876413227088799 0.3692335739398751 0.126609055107454 
0.1056084308227064 0.1751813711050498 0.763798544474796 
0.3784149898457795 0.8010366672093856 0.02236753277208289 
0.6709087930566567 0.02257947042750305 0.1579861791828808 
0.9877888577632103 0.7557181855765668 0.3241803069995872 
0.5078857198463322 0.076258815362564 0.9661018640126924 
0.2108621760785458 0.05091313634768458 0.160364851767042 
0.01659722915191155 0.8648843685039806 0.1870327882274907 
0.09306935683627637 0.01321504376051135 0.6625265325890107 
0.2530249924583998 0.6852328047704993 0.08768492845542142 
0.09027193732921655 0.8086650319319209 0.4686385448204239 
0.2030206510952638 0.2099910295449321 0.8412797337535166 
0.6852815285283804 0.9360972639338651 0.9791407881724169 
0.6490128319150171 0.1636523514460711 0.8939708295598958 
0.6847673973080987 0.3863165464161566 0.08154082257954205 
0.2697895832060701 0.1897790195830373 0.5191016580020661 
0.5959274960845011 0.1946682093425544 0.09898571812591557 
0.3635321849461637 0.7895473839860917 0.8328465401878768 
0.06760227747296164 0.8224582362337298 0.5777273882646863 
0.4619333884000886 0.1912815201926341 0.5008307988748453 
0.8796992886637407 0.8257158526896264 0.8581771969731039 
0.32684759742626 0.8337896557592801 0.9222677269931296 
0.5638486315945728 0.4594747430502205 0.5879743685157328 
0.08232490616642833 0.1589178638543025 0.03474951019474198 
0.3013038300262944 0.5958876203660611 0.8005147650955757 
0.4858714772870927 0.1068512027455393 0.866709966727516 
0.9760649643482489 0.7004358226575446 0.5630895223183883 
0.2726827630933902 0.5386356979140293 0.2960648614162973 
0.3474315239753137 0.5227081051617103 0.1631156295009489 
0.5067450033480441 0.8448030224745593 0.3128950004664723 
0.9393699929159605 0.5732430346484523 0.2601387151687638 
0.2042736682330808 0.7624334989546574 0.7062830566030226 
0.1525133111900855 0.01184339334421964 0.01878086145744432 
0.01907123934148596 0.5282728591433294 0.1912952738355226 
0.6299395205750487 0.6888978899884469 0.9880538699207457 
0.6024404995216349 0.0828074264239267 0.5697788411032128 
0.237992476234983 0.9690475228367075 0.9722943367363177 
0.6043396616268693 0.8122906372185723 0.1581442553597217 
0.02887710722907314 0.92451639385275 0.4342500890667858 
0.916652777297386 0.5245358564092126 0.8806210466068667 
0.1466433623608755 0.8139205341614035 0.958163136291407 
0.8127314505535655 0.1970434420658456 0.866211267665154 
0.963927540771872 0.8025190511203155 0.590120003657131 
0.6684996765480153 0.1132584282899999 0.08118853592991185 
0.3721510337105919 0.8550559471565646 0.457749117911103 
0.07559154222846973 0.7032995273661624 0.1733672216671187 
0.2466831951219253 0.1416739572682272 0.6664757127413595 
0.6222098339752019 0.1668079329424601 0.5076643353281685 
0.6961333623622332 0.09116324540020851 0.5182725592141422 
0.3518793167830797 0.3784577728968975 0.5743197387696317 
0.7098560433496586 0.6956524526560245 0.7191011377076164 
0.02108909970237807 0.759261440072806 0.8267215626797201 
0.127559949793924 0.7479407773683421 0.626573724985791 
0.8932032047462706 0.8665603952493907 0.4745716067612191 
0.8839112325245468 0.5067184897974418 0.06749219392260847 
0.9002062934288428 0.1091453666465818 0.1553979582723917 
0.2359809004106798 0.8561501329872897 0.7451519158152329 
0.7032979711031755 0.9800867785212061 0.6895000101295086 
0.2036723815857287 0.8216475878627975 0.6180093849897199 
0.931090115847903 0.1050162565743863 0.4732344054875912 
0.422807434697401 0.2399420559096513 0.414805106568117 
0.8113465542446627 0.4569959034073772 0.8118836793013721 
0.07443580258974127 0.7340036836304416 0.3817991541923945 
0.5832905316416237 0.9889566084462579 0.2161361067943059 
0.1676812207013491 0.9658650250779658 0.1134318513155044 
0.1161029060276727 0.742685337096349 0.8741203068356274 
0.5197428260708182 0.4698816470611058 0.1384459557340326 
0.523316864961597 0.3343395400324712 0.8248901808192528 
0.7134696947897771 0.1379524741204078 0.6888384980047606 
0.8670003530325709 0.3016875462253318 0.7161842026680462 
0.4849885255195123 0.04772057591943887 0.2871742883490972 
0.5896119942213713 0.9701876760134882 0.9477698857833166 
0.7827362196320697 0.8233131967087559 0.8146867012719926 
0.04930632221479556 0.459755251420572 0.2671498866179967 
0.1562842166840924 0.7998747303488721 0.7934270775390185 
0.7594365621001913 0.264972246771436 0.7572833733442619 
0.08257141855094374 0.7427117078783522 0.7403232656068719 
0.007509318629533963 0.2440496921921005 0.5370894909404416 
0.4411240540522807 0.7608062683644666 0.2725106716596176 
0.8626701283676393 0.1432910752764557 0.948237829977001 
0.4570383799306344 0.5229527815851019 0.01601402145908351 
0.3849083235820518 0.0234269652404689 0.7314734207750274 
0.09484886358618132 0.9293295120187866 0.2190109328287361 
0.3404796555657369 0.6640351693701562 0.4313424048208866 
0.6277739066110503 0.7978413096829744 0.6216145554787036 
0.87006959719184 0.851009631799624 0.5783601797529361 
0.5232878637257384 0.8173835265120504 0.6219007628241991 
0.7633387995476677 0.8559792331373153 0.4052984839626721 
0.9998474912099298 0.5065217314839373 0.5527361862338458 
0.5599385443175863 0.5063185676887934 0.9837046644428992 
0.60949730454463 0.9657988470417977 0.7397812978368968 
0.1104420827340726 0.1284526893732715 0.6581850729180994 
0.9535765518057098 0.4614579683450068 0.0009010502739755913 
0.2607484596288262 0.01171242073731569 0.5495701155018464 
0.2907395123647242 0.6048995428701592 0.6577485188837691 
0.5852853591943783 0.9214821524934241 0.5646029209920418 
0.1356607611725381 0.5412433239347059 0.02425313857793244 
0.08313027455548296 0.6176355242540396 0.9699224652195239 
0.04173072117546942 0.2377740499827949 0.1554860042272458 
0.398868535589203 0.5487637373444768 0.7888838477974756 
0.7794910098176633 0.3631698930471569 0.205244068102536 
0.270146006863363 0.3279304453254126 0.1746625449636469 
0.5388646240986793 0.5540038830938538 0.07634026523341465 
0.1486367531750528 0.28699367964074 0.7899373841948305 
0.4742179630507587 0.1678821745300908 0.7804484192353572 
0.8869004882521038 0.1050412057216881 0.6215063340236222 
0.6614895915042693 0.8526927745861684 0.5370355999526222 
0.1727418625549066 0.8782408080450065 0.2702126755110166 
0.9002142583622059 0.7327032066342057 0.9924261967828172 
0.9529008345335125 0.8383785133799786 0.9817830010383968 
0.409132947513048 0.5571673442098324 0.5473597154726355 
0.7178267685751093 0.6611984114148566 0.1804063085359099 
0.4811671195197577 0.9606087111319911 0.2263797058566605 
0.7344844807692459 0.8762238151232413 0.7089042423130797 
0.6285162046640662 0.9261145576585262 0.4675943819458523 
0.7275283327000934 0.7711748969747098 0.5541490089936797 
0.943559057217214 0.623264455884938 0.8349786093451049 
0.005316443185288207 0.4339356164580047 0.630198206453854 
0.9501541993537403 0.2576690446143174 0.9750441861903142 
0.1812414638354391 0.514695530226678 0.4152582513862211 
0.6975677111230089 0.6777366112123224 0.5132746469823548 
0.09433636368282906 0.4694900754741728 0.09090748766869515 
0.6326773358977129 0.4388668066309579 0.2894100999361223 
0.5439405471918543 0.1796548792029467 0.578430788292138 
0.2465412056042677 0.6993792249286487 0.6318658996929228 
0.9120591910443923 0.9400940844355431 0.2811256610531899 
0.4806161092188529 0.4462567121239995 0.9462944910550537 
0.8171937228842229 0.922569796182472 0.660824545144463 
0.2989785159286265 0.3012903822381377 0.9312971173193714 
0.9981905519190022 0.6559639881801164 0.3697850130671705 
0.1820343459858895 0.447898667014943 0.26978044535863 
0.9473896340011581 0.7075010025778531 0.7702578050335804 
0.3975010566816085 0.09968590063127529 0.808067301372382 
0.9874601956524665 0.45702781097058 0.4592943248238611 
0.06351681378987553 0.6564019750766098 0.4536382526447558 
0.4372118990987219 0.9757053825880417 0.9562563833293976 
0.3239384460967857 0.6531094527678394 0.5690199832431908 
0.530286755005952 0.5371611292513941 0.8863981421025275 
0.1583135706387431 0.6786103116373114 0.2421743362497879 
0.0002310876162885329 0.2745277362891786 0.8766723615219146 
0.3927042212276425 0.2761757609899971 0.8732200244583375 
0.007032138271160727 0.5608834612293352 0.4478740100506699 
0.9008174662421738 0.9580838911537031 0.6056440496212632 
0.5314443733982714 0.6320296401959724 0.6625415178835936 
0.19826261243627 0.8787650536373687 0.1670255758708956 
0.1340419578083154 0.363554426580338 0.04262906698343922 
0.596854052241205 0.4509390700197125 0.4872927405723484 
0.6347079132659379 0.6275028528787463 0.6873575293018325 
0.3852860818748586 0.9324786557622217 0.6764485144879804 
0.226948398443975 0.2700213252353507 0.343338388486959 
0.1640314055747953 0.6486429993970259 0.1403498602372279 
0.4250287798471292 0.0371838323244432 0.5322741783022003 
0.9192761526020521 0.9313090165709732 0.8145454018797772 
0.6831457676725314 0.9192859529456001 0.3759665890140054 
0.4032315527206854 0.8865058355976738 0.850798336130356 
0.4830400727259277 0.2906452312258039 0.6828330895216574 
0.4660987891211702 0.6841163723174331 0.42184530277409 
0.1776311230492281 0.5448563224526967 0.1218461957417199 
0.1829434524413788 0.2250977267536086 0.710622511728086 
0.2683856390911497 0.05659794115913334 0.7263923543707246 
0.3154477855068024 0.5161736041410397 0.7316254249940259 
0.3766461637773204 0.1734591676053245 0.3458988440651237 
0.1264878011382913 0.1155250867685233 0.8492682467709473 
0.1601933569035422 0.2030802088812388 0.3919357145503412 
0.9204834729291969 0.4090984404370975 0.08827095836241247 
0.3398115683169995 0.7084883704564261 0.8973970628435416 
0.160484285954973 0.6673841747119773 0.6876529176851611 
0.5110022937891511 0.9921168705643433 0.0309869797288183 
0.8595795861016744 0.06072072065393529 0.06798473617490212 
0.5931090494175617 0.945299727554176 0.8444869635305949 
0.8686514323141287 0.4691697938644532 0.513856713342677 
0.9070791619261924 0.3738924571874699 0.4522645635855008 
0.8943029190530621 0.4733899614719538 0.4107869955886935 
0.630420261376 0.3122778321013147 0.2129320987778334 
0.7521561237978379 0.5161987376902691 0.6277861395921083 
0.01085590488953372 0.3347087691163972 0.5924854176664933 
0.2431245227851586 0.1306179120450785 0.2228585368330216 
0.741747910712505 0.194079176983491 0.94527761282971 
0.1707355487540518 0.7219275065629983 0.3384465460331866 
0.8122957967219308 0.08360271550879467 0.2094189867682492 
0.579675972106816 0.3641476561462343 0.7398364755629648 
0.3299351946566745 0.2680121712346884 0.3710785272307188 
0.4207417375950672 0.9672575647499976 0.3135908308803789 
0.5308470493798132 0.3782030356841944 0.5279333453182458 
0.7042141214119559 0.9463039423206812 0.08324556244513925 
0.5195006591609217 0.9250359588624214 0.1321048660449909 
0.05247271389790222 0.3019619087187664 0.01338583882852653 
0.09355924967930923 0.452741718602246 0.983075254146717 
0.6078399407542137 0.3366478068627256 0.3139051551784481 
0.8111116484563924 0.5335917340656421 0.1401352875573237 
0.03727918813105019 0.5510715923655991 0.6417215652561233 
0.2441870712599251 0.956215595825076 0.8669554274828954 
0.5252152515718477 0.7967353061355557 0.9024846657553058 
0.1526285212213109 0.09600065961533384 0.08371624413427617 
0.101433660020144 0.8833366830586071 0.1234064161853109 
0.3078934556178742 0.7819732313014885 0.7197059258613691 
0.6824640969271787 0.400196610996249 0.7525407420579627 
0.3496775186147706 0.9559442096857199 0.09608355038640909 
0.3377311761897058 0.5646560974818462 0.468964277917621 
0.6933620628256302 0.05969530708088933 0.6197670412771286 
0.9965165743400131 0.05666576998034546 0.1692023959339171 
0.6631113225736714 0.956798839708781 0.2785362150769108 
0.434407519977924 0.02412697529279254 0.6373477968819116 
0.8358214530390355 0.3695394748593705 0.5310295378126819 
0.686614423277124 0.06785143569240609 0.3432969054558309 
0.3134142711747297 0.8670954596129852 0.1418059018797307 
0.5533682439630481 0.4228795379030144 0.04923171758967319 
0.8517043518687371 0.8789155111127632 0.7513942145443034 
0.4129149755541255 0.4702684090568975 0.7185968792173386 
0.9337855415887772 0.9317563143793463 0.1774050577883599 
0.5637386750645101 0.8628057160821773 0.4108274706303167 
0.02958453305121875 0.9597174923837596 0.1408038903084957 
0.7573929388031562 0.2966537812773873 0.922198156369208 
0.5281754123495782 0.4459939679365769 0.3250508901208774 
0.3024389480454051 0.307100260023449 0.8252134669069742 
0.1912882611875008 0.9144572172977599 0.6683288813251799 
0.2390440375518705 0.3122851674862844 0.7400479823697048 
0.9631120124642988 0.151143512547848 0.5634936422839609 
0.8216744490864466 0.1905298813010414 0.4325518285547071 
0.04163541888719701 0.3202793727438925 0.2225081121234633 
0.7498451752234943 0.6530913956670972 0.424052149550747 
0.5859392966791594 0.5724073353028396 0.1698522620701653 
0.6879957459016255 0.2613460659957821 0.3061627967748196 
0.4465398261474342 0.2382903984641501 0.1461734445662432 
0.625390985788559 0.9182770734891025 0.1488224796294119 
0.2082047335096454 0.8039666052164759 0.4299845899834876 
0.8052402004263571 0.1426117545385545 0.1212873211355627 
0.3345828689692518 0.002332878604178047 0.001642193281363752 
0.3734284059626711 0.8589565293602313 0.7525335520085352 
0.1011327806861182 0.03677347168192353 0.1563685085596501 
0.09885064195599537 0.2175757401098253 0.861042306716954 
0.1371700806858799 0.8217411667003386 0.3529319621413837 
0.5993316543689494 0.4623598111901791 0.7754351814474137 
0.3687623154555955 0.3112106106628282 0.4722407355636239 
0.4290307149593252 0.6205426893164516 0.224411667372983 
0.7857729273505237 0.6186007045116607 0.5179596300636494 
0.003931902448848167 0.920804562977583 0.3309884300528899 
0.2640156684774601 0.4914798471687124 0.09041594156780808 
0.4875155767977625 0.5444268497040629 0.3371112470895627 
0.6101672454774936 0.5500352041206426 0.6188340895324416 
0.9848577476877992 0.0213920257654968 0.4356137232848567 
0.6147638802274008 0.6850041166126358 0.1910082816986376 
0.8071429289845725 0.7983426537251163 0.3274591742433512 
0.1668102174454816 0.9068287903514146 0.8079695158859064 
0.5904609547550392 0.6454729884018767 0.09278145557913085 
0.3868952055624209 0.1847253867447251 0.07636444639516934 
0.9948914652290397 0.8471657802770091 0.4987549407876793 
0.3223634298082448 0.1362859594357111 0.9460489507082968 
0.6556805158268798 0.8476746310091144 0.07204589808972324 
0.9537844142676996 0.8283334079718148 0.7819792008306526 
0.7119526539902259 0.2358133063885937 0.8478113837882643 
0.5343210229027191 0.3295800093117522 0.4134913006668878 
0.2510694204395875 0.9089952918130937 0.5754498922772757 
0.1929638847073765 0.4045612850725143 0.4490484940922378 
0.09387802949250867 0.6024444648212882 0.2054899296289807 
0.1999486583798477 0.326487712819606 0.2574208836536341 
0.7555262679486865 0.9049938674698208 0.2695644517649115 
0.5362122021469943 0.7274127060517457 0.1333016556259126 
0.008467601751411586 0.6662120593596417 0.2644836281164003 
0.6851199450607207 0.185780883289749 0.424110416171066 
0.2799475993734719 0.03221130260398609 0.2389563237322915 
0.5473615130828484 0.2888852862681282 0.09087952511185403 
0.6658445364768053 0.4785030927470317 0.5633174014175063 
0.1159619166787427 0.2490421289698195 0.08023722446058248 
0.5387552211837759 0.3714391093232418 0.642003114966189 
0.7630868641795896 0.4597886804662334 0.7172147146333435 
0.375370862547353 0.5391749893946628 0.6468916537215246 
0.8765464252630084 0.9994207946843351 0.8840815073022442 
0.1677687168880055 0.632584529442227 0.400264612311754 
0.2047541693981193 0.6087099806343248 0.5953673493551039 
0.5382554701838765 0.9519637588270962 0.3156271959169979 
0.3523157645135334 0.3838212075912854 0.323430013137391 
0.60619101148499 0.9917731184940279 0.3870338767805921 
0.3499005705841924 0.7074526649345324 0.6566098896116382 
0.04331532417505705 0.9299443052328796 0.8295075428482351 
0.003793469400981624 0.979084336961791 0.2420893629125912 
0.6962224780445341 0.4987707392234236 0.799635067663519 
0.8424122818675479 0.592827555406924 0.8468941435986248 
0.2494093215604566 0.1338182506438697 0.106132214545455 
0.09486987958079768 0.2632702471841214 0.5945154452908255 
0.7223618063967495 0.3458336751511258 0.8347163312066994 
0.6961045676270275 0.02163205441863691 0.9161380147658778 
0.2163591769360602 0.0503530442050833 0.8261787415012525 
0.4678345453451841 0.8105019782127471 0.8140706279234925 
0.6587807628192329 0.260085977479275 0.9376076881304174 
0.3121257266731301 0.7863783826763699 0.4031276819220074 
0.8538322446176971 0.2896090933693536 0.4074831856197667 
0.6977761509787896 0.4210234755089252 0.4724904887086211 
0.1220547902086334 0.001314125547017315 0.827163351981078 
0.6679202205896274 0.1092124063398868 0.8046525389589088 
0.6422283648558832 0.7089549061248306 0.800029780617794 
0.5706820246002292 0.1535487304712419 0.822824998261111 
0.8176507143247235 0.8038446762410971 0.09385353248088035 
0.9308007604395668 0.1744694574842895 0.6984183297061605 
0.9958354268890568 0.2140930045293813 0.06257468715766082 
0.5590639953893098 0.4924763342401044 0.2345826399059412 
0.4184494056072151 0.4438196220095601 0.1574077832443837 
0.9199579423689609 0.8685836736734895 0.6705629531976703 
0.6842400657865214 0.1750083877097547 0.593594026503714 
0.24233153299562 0.2469527463812464 0.1072326296393686 
0.5919415739426447 0.8212016801903145 0.8234379756957186 
0.6092486893039751 0.8728432039544355 0.3152920515568717 
0.6851533585505097 0.8300800419272703 0.9714440341065357 
0.5223576116940906 0.006274092128084395 0.694313065594688 
0.4817982924756036 0.4829943674094908 0.5246205978208752 
0.1781122551585056 0.8263956295340409 0.07674527201677669 
0.4994929380266492 0.6969949937150295 0.9287364429844255 
0.5046008534376034 0.89865077563372 0.8803928885079787 
0.6963401272144041 0.5231143920217782 0.3016054609201239 
0.5398105413844249 0.2496464986219915 0.7628032028090003 
0.3331006757825135 0.8963450702862389 0.009641543042605746 
0.4936249858987211 0.2378285110331454 0.8581005870591538 
0.002889915009884827 0.748911896746956 0.4589870787391555 
0.5686852736197731 0.2545232298763037 0.4804577289671612 
0.4595347693930616 0.6585741169333034 0.3188696649683442 
0.3756642431585197 0.6249310586518296 0.7184598696222523 
0.2223663779716408 0.09000852350300603 0.001086627125502081 
0.1233906393402281 0.271590041537026 0.3153245347193123 
0.01311222925309902 0.4912862621641513 0.3619923702655217 
0.2717221211426319 0.4756874117472812 0.4551466497688251 
0.02183676622684847 0.8383083303466394 0.6723505480728396 
0.5982489922472748 0.9336000682954417 0.04719799768837236 
0.4991393071117413 0.6284664692391694 0.14490709482041 
0.4367274608410572 0.9180593740258185 0.04825231972341767 
0.9784393115047335 0.9743462426862282 0.9010532932949112 
0.08204120274022476 0.256743608555158 0.699836313882505 
0.1916920009165932 0.0517098776317633 0.6529508426192717 
0.9406971104432376 0.7468973852658646 0.8951675369900792 
0.6961069864302453 0.7921220531515953 0.7615688630983127 
0.7198442916293172 0.4412374639989918 0.3651899206373685 
0.940059333078062 0.08712065614240165 0.9018067989353667 
0.84868652113578 0.194475291502856 0.5786002611422264 
0.8409246690144737 0.7868210558723306 0.4275860585896956 
0.2749572269757583 0.2439883478989252 0.6608676045720716 
0.8819488712455876 0.6540211070944425 0.54614635473072 
0.9033978455163438 0.1046044950299378 0.3112187470307864 
0.05902747439405108 0.842027119799185 0.7718617127543264 
0.8320059435270962 0.1817359314544112 0.3271229495790449 
0.2850225134710175 0.349409520860147 0.6516909933968275 
0.0961165149371626 0.2277241620760532 0.4730886192101722 
0.8080488084741024 0.9613585364664456 0.06353280107276782 
0.6429450758937727 0.2081294075524527 0.1933628970424252 
0.6529468390142725 0.6109145188825625 0.3627261574425837 
0.716272916343319 0.73228768979044 0.9437416215486377 
0.03775357670007809 0.6673924139667539 0.07367291495618296 
0.4361906916648035 0.2953225795501075 0.7781342150726989 
0.9036673641101689 0.2597673115174622 0.3184598161932036 
0.531431000550597 0.06732445902679839 0.388425340185336 
0.84837684978864 0.3012618165313992 0.6115292501141746 
0.5016163212017609 0.3405556953771019 0.3129480947818258 
0.0750316520700961 0.3668857225641977 0.3120154746355775 
0.03675370714677773 0.05855796481549774 0.8544780032180811 
0.5587919524157375 0.7183308221991843 0.606827587734232 
0.7539154965067861 0.2550548737687712 0.5875244575237023 
0.984542925577358 0.1584959416181156 0.1972419162354711 
0.4789233111497025 0.2246134759030261 0.268320894704264 
0.9963937046673939 0.3856483561860377 0.3810355851144188 
0.5521784537544538 0.8309501134079306 0.5197685812815983 
0.5041630200868996 0.3384692109988053 0.007367064585267809 
0.0288093134275426 0.378005649633747 0.9429842428758648 
0.1211119774639641 0.0713384375044169 0.7471965284448016 
0.8267417275501011 0.7549610843788694 0.9175947079142862 
0.3399150655250333 0.421182886098866 0.05001662679648956 
0.3861058043518503 0.8090823550442723 0.6510899708327139 
0.3425195943096834 0.2910940223379698 0.7280666944327731 
0.3166899313306444 0.01788874369097904 0.8128061793407835 
0.9517776047187517 0.6601049702128773 0.6723679350308204 
0.9518253171992411 0.3547772777884647 0.1773088006718361 
0.9653570823135196 0.5895562163164081 0.07266399392021362 
0.1113763502546198 0.367594156447237 0.6064759609805582 
0.6584882900938033 0.2973772353890303 0.7649231234168647 
0.07008405844180925 0.1367687005370219 0.1379911432963472 
0.7532695853152611 0.2599052858287371 0.3900460478820542 
0.8118465821865383 0.7140713078409534 0.6954278086162272 
0.08072379511194576 0.7439507379893534 0.273945476259142 
0.7688987346890176 0.4508178459123838 0.5456614615041588 
0.4234525544961765 0.770574092282323 0.9185755186547678 
0.4358358766470456 0.1512381950840383 0.9881440401051503 
0.9710259885044082 0.315932115027161 0.08024520346120823 
0.5935233723220805 0.3740322188369304 0.1346743994766351 
0.462471408321159 0.5981130300634969 0.9410368702315951 
0.5438251160723693 0.1027692821549713 0.7333874307425162 
0.05107691345079663 0.1027444706544611 0.9500887551738192 
0.927570717895842 0.8264251806437243 0.3799387092975371 
0.8532590011295774 0.206112656704661 0.7678827280899553 
0.3617722878125107 0.0468843793993119 0.447400589209759 
0.6756266422994752 0.5302368878960633 0.7002120145733508 
0.09568859934742316 0.648343969844404 0.3225559008202495 
0.851682417990559 0.09274003670707241 0.4036424642257178 
0.7814356317165306 0.6061124452845088 0.06830888747427902 
0.8463106130136439 0.2481386071579827 0.9544307878017371 
0.6211453968281498 0.7446794899100838 0.8978982738304275 
0.794335763933726 0.3662491622894645 0.7592055134792234 
0.6065074360127569 0.6838684568706143 0.3009186758817586 
0.729935648009059 0.9258191157357433 0.5014462302364981 
0.748572395222601 0.1831950503533972 0.5093710818260062 
0.727034552212581 0.1650677749753822 0.3286476483297644 
0.2577775168561098 0.416397612654749 0.7295967691555657 
0.6820580850357707 0.4014227518519893 0.186734689131918 
0.09481537623938205 0.3229749080259566 0.8742438185398534 
0.7928671799668287 0.8399139137863371 0.5061395177161873 
0.6189222096590288 0.490858989870107 0.1064004496866156 
0.1299079748048561 0.2625184996200206 0.2094470957318411 
0.8543287960654842 0.6511679383739639 0.4435388759856811 
0.723130861524736 0.4765969035747241 0.1224879987433492 
0.885395384857585 0.1781385459579298 0.2350373121294989 
0.4691149461842147 0.6711133914644125 0.7392713381047534 
0.1874284700673112 0.1003764501352727 0.3950240322212573 
0.03990506203987404 0.9952858366910211 0.5658061331983386 
0.7841126907864652 0.7041618888698258 0.1092750304954927 
0.5873473772420157 0.2332803220925702 0.2866374546388341 
0.08825790432637172 0.004388174709612024 0.4715785864395121 
0.7257973958451877 0.5338453391566221 0.4951847004971823 
0.6863709160678042 0.3423774588548744 0.385318401297702 
0.732351168825606 0.4409239354754101 0.8811689934706014 
0.5198033046187979 0.8964053087773529 0.9855729708660349 
0.4045288017574716 0.1716701444998636 0.8886384943540341 
0.3027479706683499 0.9388361125980157 0.7431267635810196 
0.299959066017588 0.7832982971667085 0.5944044176031847 
0.3274000792911075 0.8936178092393228 0.3304885968257683 
0.5460272110340263 0.2516879759883763 0.1904464450663047 
0.9197995889986217 0.7217672210753806 0.3985021997775833 
0.990020742657423 0.4890327167248982 0.09687330321038866 
0.7743940182982822 0.7069009022728715 0.2579539528461647 
0.5772087288913128 0.7873300084399577 0.2578432745086089 
0.778031540849865 0.02474480984166939 0.5048382293292808 
0.9422343565830156 0.4564655330302305 0.2067469428570604 
0.9184274833724043 0.6832040742454071 0.2083886548105302 
0.6509749225039767 0.5057884873404856 0.4140686878126136 
0.3333814482417768 0.627706913553385 0.03543934863940274 
0.4302155458271256 0.1307111647544091 0.5825281459022206 
0.4212416105557331 0.8706321108245515 0.9543874488865397 
0.02548688637461434 0.6089922075703413 0.5408475902494428 
0.1212616700863218 0.5989402889142632 0.7662804360866354 
0.2820804919446094 0.0974052249215297 0.3467330155674035 
0.04492686123824454 0.215076025571782 0.9526119953770998 
0.4814409616415921 0.6078081367966461 0.8237695937237492 
0.6450056117903339 0.5972832852250259 0.46784589667129 
0.9757485217945816 0.3836228137440826 0.276780249652571 
0.8534849322965005 0.9969335721683408 0.1528045833173773 
0.7446153545157247 0.6188355554336982 0.3094976741177936 
0.1609891533041198 0.6510293281984249 0.03412355927351643 
0.6084610274759923 0.8349428123141012 0.7193358588621048 
0.1091534250977477 0.5474419229972539 0.5634446275499929 
0.7049720931737853 0.8270201819548468 0.3213107016302534 
0.9243432375633621 0.2772663696456337 0.8022912773503563 
0.5902580452059327 0.05236550529628749 0.3011640913203476 
0.800835967109334 0.9530340859721494 0.4270718337751577 
0.2770883731659147 0.6376334897432933 0.9458151461217463 
0.3368134497348886 0.138526733710039 0.7227422283493862 
0.2446034679808427 0.8411164222090777 0.9892133281244864 
0.6768130432294123 0.6537166527211883 0.8840034059304578 
0.8358446050237278 0.6209673530856386 0.2461938976814641 
0.795088678109928 0.4487282091690038 0.4398976749599856 
0.510742141270949 0.09849061959245502 0.5183523106348215 
0.630642911138152 0.3785093787274066 0.5711741464240827 
0.5205624515360553 0.9302382861722976 0.480738699473934 
0.162628539278613 0.6937844780628901 0.7906448859670658 
0.08905207033162996 0.1214483834734591 0.4293317848500838 
0.3000974857332398 0.8706532292284801 0.6616187873135867 
0.4345585301949964 0.4326548521951517 0.8188052810032004 
0.5420932698839693 0.1607086428300162 0.4380719719996272 
0.7181762217877603 0.5170379074504543 0.9540050354905151 
0.7272399339451028 0.7821899706621703 0.6598727058274453 
0.03832175795752145 0.6589109988431342 0.7961956579492819 
0.42413599730693 0.05329502224873181 0.02775747361553017 
0.3075748751618856 0.2125215911059012 0.8734581193659252 
0.5491753070809272 0.1395936586973042 0.2539888043506776 
0.7709891630487919 0.3457151697044199 0.4502309257780046 
0.1316504199991197 0.8985747056516137 0.4261810440944367 
0.6682176953705471 0.8612068526356508 0.2276128151456675 
0.1651217076751338 0.1833476302475311 0.1478619223007193 
0.1148049660300994 0.4624105250612259 0.3508269118786947 
0.8539612563313802 0.6309871882447595 0.1419320087136524 
0.3340589170508592 0.6403803008363372 0.3279106335203379 
0.8361160365860585 0.5913360544865934 0.3560847087074899 
0.1914217172476657 0.5749479482630422 0.9402671924924481 
0.1264938692786773 0.8330811455449474 0.6902073421977427 
0.4041901911417112 0.07178635877373188 0.9249985108566432 
0.3473226608001984 0.949995165221868 0.2386837199374154 
0.809117231891445 0.2237911680799933 0.6728145861969435 
0.3211077418288707 0.9997253294977747 0.331419826496875 
0.5561397102931099 0.6124049579900308 0.989212860226114 
0.002727360607517128 0.7530358185334401 0.02095557579360399 
0.3858883677482832 0.6168585465796127 0.8694673921583802 
0.3680857356629355 0.2263944333292107 0.5363091304054954 
0.7308386439038485 0.3511997671319748 0.5484999075336107 
0.461439386476492 0.5637590131998366 0.7042233608822794 
0.674341132777037 0.2044116436102755 0.02681607975865461 
0.7136483226717324 0.7141527210896595 0.3449291621552372 
0.2686136182944433 0.001441931178830251 0.42383377195855 
0.6570305833691698 0.8984425113288134 0.6395754117976078 
0.886596655227807 0.5243228094511687 0.7786620721998246 
0.4649198871408977 0.8623490756509781 0.6985231203521173 
0.1845412455960407 0.4401621160530849 0.1388859253003939 
0.4616696916034705 0.3480134139645797 0.9103988174819633 
0.6894938454774135 0.8206585081953176 0.8656550432779216 
0.3873619810773602 0.3769824440702592 0.6745089827200664 
0.9626144039482371 0.01874009139365404 0.3317041686603406 
0.6600607181725932 0.5040579487984963 0.2035249327853873 
0.4263725826258554 0.5147918714462022 0.8857786329996646 
0.08797839282837074 0.4004446291219397 0.4329230701454946 
0.3936310253732432 0.7510191243301932 0.4614881067617327 
0.7607093773452391 0.870843511671089 0.03412234315534208 
0.1604015860155367 0.9062995357645249 0.00891742698768659 
0.2493530429453212 0.6786057744361365 0.8502445636523175 
0.2585619918052981 0.4532096306008949 0.5582035635660544 
0.97344638352777 0.6557002485568878 0.9898468001885353 
0.004783686867855801 0.2074923405429482 0.7734601264215525 
0.09690589411604869 0.9331447003535215 0.7323403402701332 
0.4654757475085642 0.31616471738409 0.2160034454410213 
0.3193402725773085 0.297701192737359 0.04921250501649581 
0.6836963476348444 0.5751520780159816 0.1281172035624137 
0.180784392723369 0.6803433049255274 0.9314509632896527 
0.8064463513138344 0.05322230912320941 0.9431722790136554 
0.6928391729373315 0.6647500080794968 0.07165794820449364 
0.338593405630945 0.4737302585086698 0.8388662773653776 
0.1257475272861423 0.3833503175801253 0.2068177538323283 
0.3556643785635295 0.1652248997221716 0.4502459954549939 
0.902902168075291 0.4719562477356416 0.6144461013521725 
0.1112150164099999 0.630710024986453 0.8682400024546016 
0.1211425890745048 0.4998593097124445 0.1998433106886623 
0.2562963041962963 0.6322251498636006 0.4897265273692658 
0.9594639623867653 0.2713880089552763 0.410579765951108 
0.7565371306318569 0.6070931942752529 0.6833560711154552 
0.315975107588606 0.4510200762512907 0.6476371162302195 
0.84815058001369 0.8253574724683261 0.9943176647169082 
0.7392144676983204 0.7578823785257452 0.4383818664754562 
0.9980491673621625 0.5826105922541767 0.9166921357196345 
0.3561869549961553 0.469347763215974 0.5193686506887126 
0.2973331740718572 0.7310811319951399 0.5018514674884051 
0.1139802726538571 0.8034063629571414 0.1923482505333992 
0.1087822972756028 0.9382632735851222 0.3302575444362599 
0.5592187770634618 0.307329639835177 0.921933014177144 
0.3242914941055663 0.6029206501344412 0.2289141743187921 
0.2546970375233101 0.6768250829445061 0.1973861450968567 
0.5458207204250961 0.1730880918782936 0.9243095119319639 
0.4366245736011743 0.1105219982595602 0.6992352268002363 
0.02728230399150543 0.6857454016206576 0.9032542773413863 
0.5669046179638714 0.6410284513320067 0.7680989847158647 
0.1882700308871396 0.9890035919294669 0.74404365065308 
0.5901499665992369 0.2533505003705548 0.6692516442745958 
0.4446590278019195 0.9989490590173373 0.1167768854809303 
0.06955642465736293 0.9498651915532808 0.04280305866455609 
0.04094974622559312 0.3070043783498975 0.7840081957408033 
0.1534362028113372 0.4531273150215271 0.5424028736130141 
0.7776607132353327 0.01491075286759066 0.8482876642758476 
0.5571772330186238 0.38619122021623 0.2346425252531291 
0.3548333469265177 0.9770675537000149 0.5848854724938697 
0.5975138093289941 0.1473357462031571 0.3483558135133602 
0.02680734938242338 0.1161895911607812 0.7236803205431489 
0.02624284164297152 0.7827246190052224 0.1202776251614241 
0.8925786513460519 0.7600710517007619 0.2771105578104749 
0.8126721762261476 0.3359161954187351 0.004061564368653329 
0.7916577082053062 0.3648376039713856 0.3477313696770732 
0.2083973065944698 0.310771718857217 0.8746472707420223 
0.821205622684624 0.2672347322606146 0.5061447526973195 
0.666203539438559 0.8906194083073511 0.7890904787182601 
0.2618011233189484 0.5814585628744894 0.3964985979098636 
0.1876011859816838 0.1842459444399158 0.03587116355312231 
0.9396622054090933 0.6957727394376498 0.1049842400996814 
0.5824333567078489 0.04692073209697029 0.8151799555773143 
0.4718197202975725 0.8208285664381915 0.4438113478923559 
0.3996706105430509 0.06968862550093735 0.3466487340834716 
0.5678349971908746 0.5473801805482862 0.5213649911737884 
0.738532003866584 0.7299548720866113 0.8398277727147351 
0.850751422630295 0.4348708893556529 0.9965135339641478 
0.09290177285365465 0.9125657192795912 0.6281315590067652 
0.3656743191659507 0.2857484590298994 0.6244597744419835 
0.7867565944003478 0.6558847724918201 0.7807766090501923 
0.8208910676200512 0.9872688107973199 0.2535217974462599 
0.7384108284313451 0.8605247431798525 0.1375404431327792 
0.6414400376842645 0.06342918423103211 0.7124483110697799 
0.6404459097111974 0.5633423421665441 0.03165811517873619 
0.9188748148829633 0.215268262091602 0.1358878385146455 
0.2032937133018618 0.5857729874816707 0.2165423366098269 
0.3298242835403615 0.09878167079866013 0.04609060715882172 
0.1066103919959312 0.116192991158683 0.3244950758326044 
0.1890597579660382 0.9765042629149456 0.233078238706015 
0.2616371234361328 0.4027675803161721 0.8733867674490272 
0.4057017607408766 0.2128563714644907 0.6906684912042628 
0.1744747706129855 0.3744556191485288 0.3487949777907151 
0.7150315435575703 0.6206542849078927 0.9775196225082046 
0.09457245571699655 0.7231032723629141 0.9765965098348511 
0.2785012344346181 0.7908265428885092 0.07651190796919451 
0.6051932742050237 0.1480914976219913 0.6593681933117889 
0.4719475956369593 0.9113674321683632 0.3881134820632584 
0.2281384571350995 0.9483169698326742 0.3278276738923888 
0.3088058617816067 0.7243171296166488 0.9985346655214334 
0.2013871565440907 0.7432671590553994 0.5462252694921849 
0.9219288813348943 0.7966513949445335 0.0745125030051581 
0.07872235162667032 0.1650663774117713 0.5571753011670437 
0.8475481509875137 0.04053840527747517 0.7640263789804375 
0.91679634457367 0.5592057863012593 0.9811056756777858 
0.9284070449050408 0.1397268485022899 0.8031632075307559 
0.606759156070188 0.2509670827896516 0.8453579039446361 
0.2267710869948549 0.1252430231601757 0.9008918133065368 
0.7539854435642555 0.4613946003493943 0.2370325132243184 
0.05773672424768607 0.2021070387312159 0.3636404221434983 
0.3880057482214923 0.7268536898761554 0.3581174156620432 
0.927520271829213 0.7631652008477356 0.6819071583213837 
0.3419919424494355 0.6937404643349 0.7921507962376096 
0.8831676498356512 0.6259047780262843 0.7475275219299881 
0.5570526633659471 0.8862243601319559 0.2236652218960165 
0.9919668888987163 0.9169332126913774 0.7373491999688521 
0.7352643273669385 0.02242454002961868 0.0158615820666632 
